2256116141
(89 0 -248 -179 -105 -102 -320 52 22 415 -218 77 171 310 64 -139 -296 400 255 250 159 23 7 -121 171 -64 -155 67 75 28 86 16 -5 152 408 293 1 -203 9 47 207 -506 -677 -397 12 69 0 -118 159 -118 -199 -420 -275 153 96 -119 -62 169 -177 -237 -374 -198 -198 167 378 -81 16 -104 -371 277 736 -210 -117 -95)
(34 245 -87 61 66 -224 -79 -312 123 -343 104 -94 -37 -431 132 -74 452 -277 241 -196 32 175 107 -7 -218 311 92 8 -98 -55 -232 130 333 -161 28 -279 218 547 -67 -203 -122 509 -44 37 -457 142 -68 357 -204 -252 31 -364 206 283 165 -147 -65 -158 92 15 -276 317 -200 -610 -40 -19 218 -18 433 -401 -253 194 383 344)
(118 347 -125 -95 76 -141 -280 -236 4 29 -382 -191 314 -56 254 118 263 -148 278 6 61 -237 152 -86 -11 39 -241 256 28 333 -25 16 177 -145 -60 -259 -82 -213 12 -548 90 271 -398 143 30 449 -468 -262 173 -203 -345 -99 103 191 -60 -47 240 440 79 15 -221 -150 -372 -430 556 -228 -308 84 15 216 360 287 89 617)
(16 -38 -16 -154 -543 -43 275 80 81 -222 297 233 -65 -237 162 205 331 -287 -220 86 88 145 -1 -196 -106 84 -175 -21 -205 -40 -209 101 59 160 -96 -58 -438 514 150 -595 -669 466 418 36 -259 -170 -9 161 -81 129 319 39 157 244 71 24 86 -218 211 -276 315 116 -203 62 445 293 153 19 440 1 -134 249 331 -470)
(55 171 10 -289 -407 -118 -152 151 -134 158 -280 134 271 -144 -271 -39 96 102 -279 373 373 -213 10 72 370 -226 11 -116 50 -74 101 -574 -254 164 280 -123 -413 102 589 136 -67 -147 -46 -82 89 42 -68 -208 331 -265 -341 -48 103 466 -513 293 304 386 -229 127 -31 -464 -178 20 634 167 -127 -175 -141 766 283 -341 -73 185)
(-108 -329 -254 127 -127 378 320 184 296 392 192 -33 142 260 -180 -122 -555 462 -11 -82 1 48 -18 -145 -73 -14 -127 129 -224 11 -53 272 77 13 337 398 -435 -100 -119 -56 -41 -337 -35 -156 -189 92 99 -336 498 108 123 161 -711 287 214 -553 -83 -522 151 -523 127 250 286 523 -169 1 -172 247 -420 -245 323 -626 -588 -710)
(-109 31 -184 -204 -265 -1 150 -199 -22 395 219 -54 -43 3 141 139 131 90 -44 293 -49 83 108 89 3 143 -313 306 -426 53 149 -235 249 -176 -47 240 -741 34 423 -544 -403 272 -275 95 -319 243 397 -952 -23 -115 103 133 -325 111 190 -110 -82 -168 175 -47 197 164 117 -139 197 94 246 434 -25 33 -86 260 11 -294)
(-216 28 32 -168 -48 266 -12 -64 288 464 -184 -121 269 -23 -600 -137 36 82 162 194 -111 -288 205 198 93 79 -160 219 -106 41 245 -332 -152 107 -285 -198 -378 -375 568 -20 -40 119 -262 17 447 322 -117 -628 71 -268 -826 74 234 -14 -52 65 -247 221 234 -47 162 23 -117 -95 11 -436 -218 305 -219 272 -105 -652 -908 260)
(34 581 -189 -167 227 -251 -160 60 -119 -428 -216 26 62 -500 128 248 504 -248 -46 12 2 258 240 128 -59 133 294 -124 -230 113 110 -692 336 -298 -483 -273 -12 593 -107 -271 187 440 -188 615 -275 -369 104 -302 -117 -406 -122 250 332 -175 -369 49 205 373 88 557 -401 -119 328 -428 -39 214 434 -446 346 120 -352 -20 745 396)
(417 357 -62 -219 -339 -152 -504 390 -24 -56 -32 256 -138 -105 -55 -376 -263 -120 312 -16 258 10 223 -326 290 -136 -51 -208 318 71 -175 -263 23 163 115 -119 -27 344 365 227 179 -339 -216 321 110 -261 89 817 -344 -178 105 -596 -221 54 67 382 -128 472 188 194 -601 -425 -311 -11 212 178 145 -821 188 239 459 -430 78 -204)
(295 -178 -178 -333 78 12 -58 349 -312 292 80 -46 -77 -170 -96 -235 -467 287 -321 95 54 34 -111 -103 542 -82 -103 153 -115 193 -38 -539 104 -169 636 -19 -293 305 317 251 441 -500 -84 692 -263 106 457 -355 18 142 464 -217 -219 -2 47 155 -160 -90 -319 -208 -157 77 192 214 -37 322 18 -67 -391 504 284 -738 16 -422)
(-233 52 -171 290 208 -338 -74 155 -15 108 -251 -123 580 27 53 -291 161 264 267 -37 270 178 117 -32 -85 -185 445 41 -265 -236 94 -225 236 -394 -50 407 114 -76 -396 264 390 -135 -521 -127 -777 -118 58 -388 722 -222 -981 -3 -129 304 -92 -177 107 396 -269 161 -254 -277 384 -168 133 -182 53 -149 -175 -112 33 -21 84 0)
(171 178 -55 103 -592 -54 -416 -239 -226 138 146 286 -321 337 -247 124 -145 -140 -186 28 116 -107 -71 211 197 7 -5 -313 52 -33 238 -283 -64 -133 -12 124 -368 -233 433 372 139 -105 169 -77 136 143 396 -159 62 -249 425 238 -75 208 -162 282 -93 47 34 547 66 8 -200 -248 -182 321 668 -52 626 175 257 286 -4 104)
(-389 -89 340 -40 -27 164 111 -208 -87 416 -252 -321 146 634 2 98 219 142 159 297 -62 -199 13 101 -177 -413 -100 291 -70 -299 -6 37 -619 469 -307 336 29 -538 293 -168 -444 -114 160 -592 131 -71 -151 -522 -101 717 -636 -97 205 -215 520 542 -38 412 191 -214 203 -362 -9 273 339 -409 -197 148 -512 98 154 575 -233 311)
(133 673 -436 170 22 542 -266 -270 92 -102 -90 -119 -41 187 71 73 -217 -175 480 38 26 -244 193 86 -51 41 -134 -12 71 89 -345 -237 95 453 -120 288 -504 198 74 -365 126 181 -362 -70 104 -177 -144 -178 133 -142 42 -100 -677 405 107 97 158 -270 258 20 -341 -168 293 -142 57 -488 -290 -740 268 -150 463 -243 -279 204)
(-36 34 -192 4 189 63 -82 246 -320 -74 246 -46 -363 -73 488 -161 45 -277 54 -52 133 17 31 -47 69 182 158 233 6 291 23 110 -47 154 -281 46 -101 160 -356 -95 65 194 -55 407 -85 -233 245 249 -648 323 329 -602 -244 -548 109 65 -70 -472 -354 287 -62 -5 550 -97 -176 97 460 -644 317 -419 76 100 583 -690)
(-15 -314 64 -369 110 -138 -215 111 110 217 99 -219 41 -150 50 -385 108 198 290 -73 -89 -50 127 210 153 252 39 230 91 178 205 -307 -57 -238 -118 -380 18 -280 222 499 -286 -211 -232 616 415 304 -157 -355 -792 -385 -154 -299 -27 -375 489 151 -440 207 -213 75 -13 -64 288 -55 -541 87 288 -58 -29 380 -28 -229 -198 -261)
(-65 42 280 -142 217 -69 169 213 -76 -36 -89 -177 -285 -296 -529 -52 49 -213 -357 -260 19 -569 -66 -32 38 -229 -186 183 163 263 136 -190 -29 -336 348 -760 145 -138 707 -86 265 32 252 839 467 469 4 459 -68 219 305 104 465 43 -439 206 670 46 -208 661 -368 -39 -272 -97 -54 473 -516 401 -88 -92 -402 -84 -324 796)
(-161 266 78 -294 -108 -330 122 -48 172 78 -159 -2 -74 137 -171 16 361 -51 -169 341 40 107 215 356 -244 -373 211 -19 -192 -464 444 -215 -97 355 -352 -52 266 482 165 -199 -379 395 -86 -545 74 -388 290 -188 -293 512 -486 15 636 -187 -352 -397 281 222 220 502 -405 -561 -292 385 74 269 341 -130 -16 -64 -389 115 522 -88)
(399 299 -397 32 -51 -93 67 76 -153 134 -99 79 -205 303 91 122 -452 59 -71 -63 10 -397 -291 -373 283 -438 -505 259 121 17 -304 85 174 5 117 132 -388 9 38 -631 412 -34 86 269 -64 41 304 -102 198 462 34 209 1 867 389 -187 685 40 3 -156 -225 -194 -736 241 530 -69 -749 95 111 272 436 -76 56 7)
(-61 212 104 -106 110 249 -62 -377 -74 -121 64 -239 542 -347 113 423 437 -115 -82 -165 -227 89 137 113 -339 357 108 -95 -773 53 59 -221 269 -50 39 -116 -225 452 -315 -438 -248 471 -124 203 -250 349 -246 -825 197 -201 76 563 495 -80 232 65 -184 -189 93 -188 310 516 531 -393 -571 -408 286 312 181 -85 347 -103 258 47)
(-224 -147 351 177 65 16 3 159 -101 -316 55 -128 -141 -215 25 211 -215 72 161 -591 27 -299 -23 -245 -84 58 -5 106 143 188 -319 412 98 -427 251 93 26 -274 255 15 -47 -157 193 335 296 418 -290 627 0 -405 263 618 -501 136 511 -266 398 -27 -453 88 175 -173 105 185 -387 248 -535 324 62 -536 73 516 15 245)
(208 72 -158 194 258 -297 -36 -52 130 -81 -37 -26 159 10 -300 -307 -220 -240 38 -155 -116 -5 -1 19 389 -254 221 -192 293 67 -28 -39 -51 -241 -387 -369 -105 10 -356 297 981 -99 130 441 237 1 -32 -54 242 267 -722 155 223 131 -539 102 48 210 327 190 175 43 -267 -270 56 -179 -380 344 95 376 -275 -189 -734 287)
(123 -38 -459 -314 99 60 59 89 19 -72 304 -166 -282 -220 465 -33 -61 -297 285 202 -263 -42 111 276 -201 485 -255 313 -87 585 -198 -95 385 96 -207 301 84 158 9 -132 -204 269 -491 364 -61 80 180 -236 -543 -199 617 10 -156 -608 211 -245 -186 -641 -21 -112 -555 -290 546 -73 108 323 34 -508 540 -278 -228 183 324 -629)
(-182 83 -185 -592 -70 43 466 -206 -199 409 71 31 -74 50 -147 -121 190 96 -108 465 19 -245 -269 -77 241 -15 -30 -46 9 -355 86 -549 -331 266 325 114 -212 99 511 -132 -261 99 -33 -269 11 83 497 -499 -511 281 -220 -107 228 479 418 603 149 -172 -368 -346 -438 267 215 71 355 -114 -365 223 -269 661 121 39 -555 -48)
(-30 201 241 -276 -97 -203 52 -237 -305 -295 34 -512 163 -268 229 -48 278 -573 141 20 175 -59 123 347 68 202 393 25 -36 4 -245 -445 162 9 249 -163 98 678 131 150 -270 527 288 162 -593 158 -176 -204 -146 154 -312 -155 229 -220 359 28 -404 -201 -242 174 -367 -329 14 -178 185 278 -270 -538 330 -127 285 458 237 -192)
(80 271 -138 -365 154 194 45 -212 75 -91 399 -176 -34 -371 -152 159 -15 -268 122 -115 -381 449 33 -139 -158 477 -229 -251 -107 50 -83 7 295 238 -36 255 -188 755 -56 -389 -64 386 -128 132 -49 -131 409 -304 -399 366 392 63 188 -344 341 41 -643 -138 415 -723 -211 607 75 -734 -164 -121 29 247 181 -422 -11 -222 -374 98)
(127 69 -144 12 668 131 292 -395 -196 -41 -227 -197 125 253 123 174 -191 359 -57 396 -243 221 -207 460 148 215 -142 305 -102 -18 -332 -372 -162 -337 -90 -112 59 -182 -198 15 542 17 -69 -47 -302 -132 26 -881 79 -224 -188 -120 -122 -87 13 -107 314 37 258 -119 80 382 432 183 102 -405 -733 220 -439 504 -123 -64 -305 463)
(-185 31 -255 106 93 10 -119 -280 -144 -136 -147 -186 -52 160 143 -244 273 -269 384 -521 17 66 65 32 192 254 73 717 -141 149 59 12 -57 -701 -428 -14 11 -366 -55 -162 527 626 -24 575 -355 272 -182 -478 -323 4 -246 -83 124 -204 369 -246 -80 480 -323 -212 -45 164 -101 0 -168 -632 459 71 416 -138 72 299 -49 271)
(-98 290 -318 -324 220 218 46 269 -77 -135 103 191 -107 -560 -172 64 -250 -212 -199 146 401 211 -68 -200 262 62 -40 -38 109 329 -338 -359 -123 213 -49 43 -679 614 272 -289 270 330 137 126 -108 -353 161 343 316 295 66 -258 -852 -143 -12 -185 525 115 -380 -147 280 44 344 -56 309 544 -55 -399 22 55 -268 -592 53 -25)
(197 223 46 -348 -31 378 157 -110 -100 236 432 -11 -26 -55 -194 -387 -617 -73 -9 31 136 73 -241 61 378 -101 -248 -166 274 -117 137 21 28 82 377 -10 -345 109 105 262 226 48 56 -214 -203 89 599 187 57 126 314 -112 -580 -45 -208 -218 -408 280 104 -95 123 -104 30 139 -22 -286 -247 136 -228 208 60 -700 -976 7)
(28 -581 324 397 27 -348 177 -17 94 -290 242 404 -135 451 140 72 223 311 -135 -166 -279 232 56 -68 -185 -379 31 -216 85 -520 -98 518 -63 175 -176 87 419 -280 -205 68 -601 -559 456 -68 332 -616 -291 293 -480 466 244 250 114 -55 102 269 165 -171 114 -129 520 350 8 329 -736 -132 -133 562 227 226 -674 647 161 -266)
(137 -246 -43 -69 -159 -144 -245 111 -324 13 32 -29 -105 17 77 -428 45 -318 220 -24 325 15 272 -7 831 -173 -37 124 388 -196 6 -52 -90 113 274 318 -84 232 465 211 133 -18 -296 -70 -16 134 6 -43 -553 652 -144 -488 -16 -417 -535 -78 -473 498 -519 -371 140 -17 -454 180 666 -196 -175 -183 287 35 37 110 2 -314)
(259 -149 -106 350 -44 202 -23 110 454 0 -49 399 -173 732 -229 4 -419 160 -256 -97 -136 66 -346 -282 -73 -49 -395 -129 7 131 394 523 -28 170 218 413 24 -588 -257 -251 360 -232 -438 -416 687 -18 76 229 429 387 451 6 -61 294 -561 -624 315 -50 83 -276 283 174 -377 427 -135 121 -86 -170 -252 87 145 152 -571 -323)
(-536 328 389 -48 517 -165 221 167 137 14 -258 -154 86 -413 -17 -42 298 -336 -58 -340 41 55 298 -27 -175 -258 533 -313 -292 -27 140 58 131 -29 28 -309 135 600 -122 -295 11 311 63 43 105 167 -365 276 91 444 -335 346 169 -356 -56 -715 56 164 -301 901 15 -54 199 -86 -346 259 168 -156 -319 -662 -403 74 131 -155)
(75 143 -21 66 261 140 -49 183 -237 -18 -120 60 509 -302 259 119 282 201 -303 159 365 -133 132 -261 133 206 -173 19 -203 -313 313 -172 -35 28 -180 5 -83 -55 -225 -247 -159 571 -482 -314 -198 -135 249 -90 41 0 -332 -151 190 301 -603 -233 306 247 27 -45 432 498 263 -115 404 -119 -268 119 -233 173 223 -580 673 -86)
(131 -6 266 -303 -83 234 -148 232 -361 42 -17 291 209 20 -63 601 -171 -205 22 385 -53 19 102 -183 285 -9 192 -535 133 -26 -42 -44 63 361 -276 375 19 13 -209 -420 80 118 34 -702 179 -378 -234 -230 -53 -77 -565 452 307 -396 -48 273 -505 334 -297 -290 332 -222 -113 -148 85 -224 -710 -43 289 61 73 104 -276 -378)
(284662 -389943 821927 -631704 -145652 526444 285686 -472289 -1696 213600 223414 5564 -96163 13430 249496 -717332 568980 206439 338429 63844 9074 -104538 -186772 -326080 300420 -692574 84900 265911 -657531 449771 -626634 -673873 303960 -276285 -246400 130877 -25219 -123662 -288832 202940 -39433 -132298 281748 -188972 796829 -643878 273258 90985 245186 -111947 -60762 58348 -87653 -42645 -311472 -517840 56431 -164899 -97431 -103350 -224159 301058 -202424 -368189 68659 -3033 42194 -1258 154493 -249993 341141 65347 155984 227597)
(-194852 -298080 680023 -510929 -680893 -685104 -107692 48261 130633 -333005 261771 -321466 -391225 69303 734000 107212 476577 263894 103015 -262713 22550 -417493 170503 -448107 -217453 -297112 -592846 485058 -368152 -257616 341910 -928815 -265918 -87220 -648760 -74321 467316 450570 -196690 -201690 592006 -541383 442693 -553624 407570 260458 232882 -21762 469282 -67946 197928 -53985 -471377 -153443 -84481 -363996 -98593 -272010 -182312 -100672 -26260 316440 52028 -379986 48304 -295776 -236099 -334102 225134 30912 -51758 -282928 -302670 66263)
(-204148 -392002 -185521 -376237 -446207 -142026 127939 -132463 612325 -669194 -417481 -338061 -662877 167527 -54431 -100345 5906 -16703 345921 -214113 495402 81166 9420 113433 -164090 -749739 -445182 -786649 -346946 -636688 -599935 -91142 209426 584772 -619430 -188036 -219572 -538908 43145 1292 356284 341422 115524 193643 -193182 297098 297946 -75215 174567 -422317 248275 -239185 157531 -517411 -216038 -101292 -14817 31280 -497147 -88189 -120453 122335 89435 -456370 -227782 34118 -338040 263967 -565807 118295 383410 -12156 249437 -321112)
(-344595 -128004 547443 148749 174216 -242401 290509 404553 189688 189400 -371643 77003 277369 188884 178098 -179142 332634 -345699 177876 296704 1721 67682 76831 -1116400 515546 694608 526381 871948 555813 166449 450603 106486 -323003 88335 17157 -555698 184178 591139 70802 143319 39563 -423678 -381467 -609257 -79021 -72466 346154 -603173 333362 114552 746653 278728 -148353 83205 319656 56754 202039 -152802 438928 157374 281905 -316276 -99776 -11389 -276406 -86660 -222630 -150040 772740 14272 -46250 -167929 -71793 313079)
(-296038 -575636 -475999 -55709 -280836 -293080 -463182 -10894 -217921 -422862 -46010 -252736 -126037 -287046 255654 73900 -195665 -36508 -1162153 -945674 -160950 -951704 74354 544703 43200 546140 -16775 -758146 -170088 -425193 -335500 359059 616294 346901 -565240 244106 101223 114095 -8432 -387684 -3884 -92142 -174538 -135942 -358486 191177 35643 -192488 -54575 -180843 -106000 -493042 -178505 -342779 157686 324091 396925 316358 55037 180429 -160709 58139 -242153 354441 54532 -19607 224214 -115499 -522779 155942 -121597 -43396 -601647 -21572)
(-142474 303211 -321534 -399672 893674 546524 147898 288077 156998 -2972 358699 -60245 228682 -650065 -311978 -308060 -36033 250778 -692484 180718 -901874 280747 -9740 502280 -7457 143012 -108518 -36905 1200252 489498 421545 446917 -614082 -241295 272658 94484 281522 -90920 731202 -374486 -114679 -366742 -325650 46735 -830850 -106532 -283898 60664 67037 213425 -535402 292384 -86198 514188 -135598 271917 -45088 81901 359398 250832 266693 131683 -252125 243664 -302720 -213649 261713 -218928 585347 -96989 559694 485299 293601 -332628)
(-134590 350576 -80256 250569 272794 327439 -908549 -87210 40314 -168549 -537977 -42312 387067 651713 92210 1242283 273316 -450924 121844 372063 72758 -415061 79878 101890 -194093 249802 161403 11165 -32766 -379276 125781 132904 -303388 12109 655287 714515 -505746 157443 -596193 426774 -132452 84963 227028 724755 -156379 356404 125607 451790 -294215 -162971 45310 -399720 74177 -79762 193475 -120596 124402 225546 69140 -9778 -359195 -165622 -139820 146879 236643 176066 121319 655509 -134088 226736 -934135 -310710 -385355 -549274)
(578931 -223072 -331452 832221 -371059 -553374 401259 359023 -116636 -104112 -422527 62810 177579 -1932 275067 -543379 -274384 -598816 40688 250748 183732 -468368 -944291 -87510 415006 936096 172601 468412 158140 -588748 166265 -93724 -370594 146462 265789 -283277 -56886 294612 174462 -868881 -35223 -374342 -217460 -391115 177027 -122172 -270190 -88890 147263 88313 11384 280267 -47668 -259137 246712 14238 -326507 295148 321389 87878 -103627 -273400 513244 -90635 -450283 264545 138266 306613 57657 -221043 -131036 -192947 65734 350751)
(-333485 367704 -494692 -134611 1010110 378382 -774416 276282 -203366 -78249 695835 231193 666081 424134 309129 354541 662702 -181090 -931316 372780 -565492 -95686 439549 339168 -318986 762814 250408 -304362 437349 426714 454452 1231210 213522 -499470 -591237 -150440 402293 685242 976353 393025 -137091 -448736 -55831 159213 -527532 116639 159618 -147618 2263 224201 -70186 129617 -293274 507597 136077 470062 243381 55527 -239910 72661 181666 -60731 -637729 681474 177639 -185337 60566 -303848 -172708 -98263 142924 -91211 -481858 -176433)
(103643 -218064 264208 -284568 -91309 175883 186177 -5369 -75540 858208 -456701 252519 425458 -76448 -184700 121197 -461374 -941611 -129339 -300140 -484632 -389896 -301306 -693406 453339 523009 951339 225642 46123 357052 -138801 27980 334017 -571844 481058 1221766 -806163 100130 -627810 501740 -695063 -8794 -339429 -168325 -33445 -365878 -469428 -60205 -423502 144838 141410 -709256 366419 37434 87348 -112362 386611 -173282 678838 446602 45188 -184206 -78588 439541 -184525 -9823 12688 129061 180471 237275 -495403 -154535 216075 875509)
(-305922 202707 -682522 143087 -54455 -761024 405092 1016598 759482 -907962 251182 -208852 692973 131863 198138 -35133 -860508 -976469 351633 1214830 -754421 -237613 -428160 368820 -468291 -404476 -452176 -198 22336 -265694 999045 131332 -787900 -159144 -285231 -159670 196476 154737 963077 -445057 349588 -469016 385339 -125413 -553612 274787 -249746 41186 -284198 -80114 48221 69921 -346741 257639 -206653 -38588 -479383 200161 -486945 -56340 252730 485915 114791 -313217 -580491 -175698 -180548 -52959 -81811 -126250 555303 -24839 553683 157710)
(-412434 -344915 456666 -237088 30986 217834 124966 70157 574833 -753261 -1375111 -290742 -116858 -1063963 112161 -734843 -939380 -607861 -535055 231260 164308 -458266 -279660 68053 780999 -94724 29615 -191689 41000 -327341 -78108 264909 144626 97282 -493346 -467436 109799 -350521 38070 -418838 -343960 -750247 -524985 -364332 -519576 -303460 326553 -554591 54795 24223 211910 -119122 7069 -17967 129042 79814 401366 46932 283743 -191075 -57377 149567 4538 -101160 -385824 59358 330196 97956 580127 -220320 396498 343661 -217970 -33736)
(-10881 412123 -740041 1742987 -345382 74012 312694 -144987 -679347 2249 466907 -185597 705829 639809 -306780 293084 -452618 163613 826908 -160727 225452 924963 -265092 250048 -130217 -313126 295360 -311943 383407 438474 -73786 152276 349314 63622 668353 -697784 73597 -179447 654669 -283548 696 796314 -79883 -24480 445695 -62911 50587 124486 -447586 -79565 -9617 193361 557728 -216749 282023 141406 27217 80021 -237310 -160154 83097 -398529 415877 -246055 341702 305350 185431 264084 -642365 288781 -286367 -327220 262952 -399306)
(-714496 363189 -283111 -11492 116361 -445893 -487157 124440 386494 140053 325600 -878178 198357 -203280 444924 788140 -573951 -168611 -1862884 -695212 -521593 -618693 514463 398974 -42546 -44542 -253150 -254538 352605 410291 427272 -50718 -366673 -1460029 -269215 466315 229785 543546 170521 -415826 -457539 -673797 -382807 -570301 -377154 49201 -32942 485141 -114118 97362 -330348 -467690 -102954 -17666 155495 275899 19404 -237087 66329 -159505 63598 140961 -165711 329128 5196 -626251 124098 -505368 437389 469108 -248507 -70376 -451704 -8256)
(130947 302593 -161618 -78574 -180111 743515 334055 -432827 229845 255278 3788 -50120 205645 -245818 -193752 -391531 609760 838336 -455638 -239230 -247994 790393 -244448 -378833 322462 -263935 -345638 -592013 377881 -303673 112603 586467 897487 -758467 -549005 -562051 83150 -186596 948495 205180 450046 43016 -222622 -288468 -79275 -62949 -306881 -64582 -66175 407317 -119028 100270 111269 -456349 203975 204736 167699 -795999 -130967 -27664 315845 -551595 249818 -81965 184844 19582 -150320 -456148 151523 -3428 492746 81595 256024 22250)
(-285915 213968 1180703 886442 1848 -108190 248083 250609 204319 527661 215844 422945 859373 66558 -317605 -481224 -83781 239265 815574 483138 -1038845 259496 -767558 -1035327 297359 -424132 213477 354265 312411 636553 352860 -35350 204692 241814 559886 256755 112436 258318 -2935 216114 268424 817680 250994 -189828 -68982 -105221 -353208 -622302 -763249 -102649 182477 49913 -293271 -62246 -102672 7126 260942 -354597 169387 183562 127858 -50920 85757 185788 224102 426395 139483 -49656 638726 115496 155583 -284934 340968 589469)
(541526 913641 484316 208870 527766 330543 -180615 -374007 223070 459882 -93832 726 118210 150516 33769 246374 -247789 -115854 -652408 924630 -150998 -210250 -426251 -86550 -54214 100333 -463574 14699 -213202 80438 -106609 -583540 -719324 -246933 -524509 726799 -209596 284520 -484392 193598 -664554 -451054 -36011 852257 -302360 258201 -647608 732631 -174582 54733 -468545 -218841 -116750 423522 -487915 -317081 -613870 172915 -544461 -268363 -575518 102966 -22933 540300 -143914 171880 286773 723395 424122 -408985 -159477 226176 -123351 -6588)
(-110317 -99384 -61965 -141303 349797 598841 -326290 -667906 -196639 540770 472332 799920 42181 -290983 -280304 -193927 412201 757200 789572 -787371 604270 783738 -332666 315537 -229563 -570426 933636 97432 69268 -51931 -282995 -515390 622889 188715 594129 725465 -512749 -803158 -221464 -22820 244589 694797 430099 259777 456984 105635 -132231 185683 -238627 -141311 235893 -95190 634376 -379105 -38116 -7197 184543 -335505 627602 92958 65780 -261531 -247769 -127377 439277 273821 -398396 945 -359363 155273 -33584 -24440 318485 -219382)
(543494 160715 -538873 -405835 -667689 -885751 -107623 366047 59703 529583 -155683 -393182 71843 -544005 -259272 48311 106540 144868 -506974 -872555 -153621 -258015 -306015 7066 -108676 717453 557150 -223437 72251 -1123321 272783 -314332 874582 638473 -701953 244214 -239479 -467756 80468 -183082 587098 -169921 -20547 -277786 -575188 387920 -697493 66119 -276518 47849 609635 -349746 -24224 -514307 238658 105028 382079 -315836 171158 107038 545133 -65267 63198 439111 116842 -141686 -248191 -283238 -388769 -105740 -151001 136884 -256087 353762)
(-73907 417124 -203917 511459 378788 -148218 139074 127823 339555 1233745 745372 -409125 483476 172768 -14952 536947 1121256 612049 -225901 -320553 -185347 641597 877441 554186 -210634 488634 -431759 362434 1047615 -80528 1065149 -490780 -187877 -676161 27516 -277192 440968 509978 533782 -569020 852638 -489681 421370 -387099 -95326 225990 165099 841617 82176 152031 212298 461763 -98623 -35948 263611 153580 103100 -412784 -33504 -376444 614722 -500461 46896 -168129 135290 -360129 -283395 -645310 377608 323703 241257 82541 -21862 -375972)
(-1056261 -164062 -139169 831242 -335657 -214591 184921 9862 -399035 -34459 181591 -200520 832793 -129727 38063 -75009 -1637364 19740 -272917 -461460 401586 436003 184394 -846323 267391 648398 909449 162232 327750 975367 -138286 228744 8731 775238 566885 -51296 965075 298265 -109843 -336062 -558223 294095 -385707 -88063 262143 127220 428935 -1039238 -286620 -124569 273692 -234337 122586 292329 243135 458753 341852 317834 444335 727155 260791 -8948 -326103 456827 157942 -158461 164862 -178327 425866 281288 -659062 -79525 -135150 354326)
(212064 170340 292850 -331612 -260784 -837111 37158 287305 -503021 -83422 -493409 -467096 -192080 -464465 499831 723197 -442605 -136219 -200237 102171 978756 110363 365266 -660317 -243476 594781 827814 1004665 464928 -236908 -320287 -262255 -251439 -536741 298192 205153 461628 -59786 -315454 -341902 -431129 -528556 -420285 -367504 591742 339569 331451 -230429 356747 575403 265092 46375 99019 233213 174386 -38071 -11511 -356440 614650 182569 363471 -27369 28044 152916 -90701 -472119 436407 -386846 620026 175796 -629411 -411001 -797211 240067)
(106704 -528729 473726 -736153 236258 785779 -104605 23065 -6483 395601 -516427 1060473 95969 459699 122073 253691 740157 -14421 751025 446045 146572 283740 157012 -701682 304706 226373 74796 -69981 -915768 461105 1044713 -269026 317454 -360157 732503 604169 -589254 259968 -588843 1303732 191663 207897 629631 308280 492717 -31116 -177606 131702 -212668 442323 58988 -333345 -129464 299380 425718 -407299 131643 -512594 684778 170091 57 -568152 1437 9873 386072 -351985 -509229 155285 463515 -221850 -506104 -31302 360781 691194)
(-1249910 -311144 -164140 -83981 -11975 706312 -468967 -200611 226751 -254357 31281 97020 93246 142781 -59714 248018 756378 -226150 -458332 -543438 229343 671416 289348 125932 394149 -116179 377816 -896729 746605 517921 -343835 -267219 143312 904591 -97329 69380 466233 -379172 -22302 64214 153265 69090 -188691 491515 -214324 450273 731985 -386510 263772 -353381 446288 -700914 120089 128156 391429 -146019 480488 232412 447047 229492 -38640 -371979 -348811 185983 -44136 -312374 -491216 608478 -93974 4433 -15519 -5529 170690 -661111)
(217524 -665946 194250 125817 282485 -106455 189636 -116322 633465 -150366 -702702 10439 450379 766270 325048 -353523 -531729 -1146881 27094 695806 -148069 -34328 -620527 -677261 183803 -205782 -1152168 -387336 -738503 -91139 -202690 19333 136312 -424091 -172457 -171416 43887 411960 355284 38689 -295914 -117003 626106 -24403 178225 -185330 207598 -64281 -497895 -264570 -610931 93380 -375704 -1356 -532024 -105478 -126177 -153504 -584111 -120620 -245371 -161114 410927 -209680 -251806 17020 339970 167448 57801 -379616 442128 -187787 251128 463207)
(-259402 177370 -712838 9299 260225 -688186 -1054122 -20847 411338 -1286196 21025 88866 -1075505 24648 515305 234228 735989 -363860 147210 -229691 -36219 271689 -1084310 206734 -224722 -705814 -1103293 -626241 166875 226434 -137400 -411418 -907284 -1022298 -149435 200220 -267910 -267450 651191 -488928 -342551 -59310 378330 -489888 -67974 418880 -48077 182496 599579 181386 -541960 -243269 169284 -182178 -402621 47420 -908495 -209970 -67494 88556 -561001 -249103 594399 53724 -556251 -242622 -503185 717702 -449694 -66468 361965 -694477 244663 -745298)
(-300910 392394 -148548 -667051 374845 -47562 272061 662904 128290 438434 821815 -330041 64589 -298543 -350249 405738 -229136 598521 -806111 -1132995 -150275 -694329 980556 950949 -171209 325271 -223389 -183988 -143351 -551001 791225 -384976 -523827 404794 -779290 -26515 514335 333439 -203171 -267871 425303 -614749 -113085 102527 -536651 379461 -141363 304702 371865 -321289 248271 -356054 -527870 18042 114264 76578 33173 -36630 -65653 -318259 197254 313276 -695394 9252 272901 -430887 -109134 -453652 281922 375746 -86337 915338 -66643 -194278)
(-600864 106653 774325 -16644 558471 -18338 655528 1087911 294662 458930 762591 -364988 812735 458247 188015 129086 -38543 -396701 -79955 -241851 -114180 -25582 280547 3171 -697510 56389 696678 711891 873481 735361 -94310 -305126 143783 324677 -790214 31230 77304 662705 480643 184764 367899 -386227 -283978 -621535 -371540 85208 227611 -210975 -192438 -292536 675924 61100 -193247 375481 -289280 74891 289161 19829 -191916 10936 173338 529988 -935092 9482 -284439 -327480 118945 -95758 227574 599240 368942 187082 84581 61059)
(-106727 -408794 26585 404089 958036 421008 -48300 179410 573428 991847 1105426 854448 -327916 -87657 -155569 -1305005 256668 -486628 -1172022 -128112 772042 -108125 -198120 365295 518148 382661 109081 60296 568253 474624 -456955 351045 337174 307799 -288321 -136121 91296 466555 308932 -250787 -165094 10671 -191371 -64290 -29421 -539125 -179948 -460868 285544 -464155 -172794 389022 264449 71870 59412 120666 -142268 400834 340148 -100976 -337476 -24584 85088 351590 -390381 -41199 -180505 42519 -224633 -152369 883787 708229 456312 466059)
(160849 -387280 1055203 495661 -7059 558542 -698110 75051 -15838 313798 37099 -71759 -406536 -808358 -723756 372262 738413 -68902 565538 39514 -111128 -433084 392979 564748 391833 -114440 194271 -638445 -755216 -491725 -817332 738993 909846 832487 635424 514175 -332434 -832271 -1074974 416025 340839 1000721 411922 599847 201268 -344309 306782 -404228 -319035 -214539 67324 -383160 -243648 -255358 216095 -198750 794400 294690 48332 -6834 -764641 117466 -155917 306775 654037 438035 500935 295917 -357401 641401 -106959 63376 -328389 -167283)
(-399389 -15191 206312 603680 -471100 -559033 348231 -219275 40021 418412 -609871 128546 -639150 129877 -389700 804383 -662475 1009946 375523 -220841 845040 -468310 503109 -617077 447755 117129 -729199 -690757 -444829 -423513 385873 -181548 231455 -515671 -709944 -926411 -160348 602751 -366153 534265 -108390 409778 -379163 -50236 -181483 357986 -122160 149851 194270 447567 533555 -279341 275247 -548533 201243 -139145 5068 -528309 -143777 -727480 47287 -731831 531834 -339523 50264 -369801 -179045 -409806 40833 410679 -312572 351988 -208928 211436)
(457282 211862 -710384 117771 -185696 -456066 -110390 385654 -276316 -630795 -481961 424551 591068 671423 -453972 -324602 81414 -1012804 -18958 654775 403100 57742 -863724 -106643 -345444 -1188150 358251 -142649 -262430 -785405 -58026 -189170 171356 -235482 -612196 -315743 -317113 -249894 266781 72833 -63888 106507 -316225 96370 78031 295974 -269098 54909 -454001 -366157 579590 -48159 -17314 -437194 378661 -412022 -424477 -575078 -163770 -440393 291052 -98823 251957 -231976 12766 202737 -261917 306036 -697228 -466026 158992 -196562 75706 340027)
(-4211 -40584 -58983 118142 -388752 -1197085 -71449 50188 335613 665382 879051 253358 835589 -252300 -299411 -227741 -442021 -242185 -90129 -217151 103875 -634895 246672 59017 -167826 375929 399492 -318330 484127 357749 867301 -72280 -22547 305581 -298225 257198 578347 287590 321495 -555521 507718 -148932 352520 39520 -202355 -178017 -120521 -521571 -183709 -269266 656999 -311225 45693 145852 411069 -110001 89310 -71219 37095 51477 653097 243040 242002 583003 225534 -442698 -334201 -578064 -335982 -257354 -129454 158625 215585 644080)
(94520 14087 337371 372532 -198856 414235 167224 343037 -534787 981800 -1068391 33743 -97457 195730 -165732 -539135 713876 -63395 -252789 86959 -758376 -287898 65240 -550556 317247 1150212 -235248 76660 510191 -73374 334633 -736157 -626198 490868 877417 -536730 -146987 401241 -852635 20943 101709 -296392 -453557 73204 -379607 -232168 -3163 169179 11966 56562 -69791 183530 -410903 12080 297970 -394435 195224 116883 622671 -309916 270025 -655909 69585 132169 -263565 164771 29415 408737 967245 -281207 -435029 360728 10904 191419)
(5260 -89339 -71727 -173474 84836 942497 -292665 -752396 178493 -121750 67390 681350 -111972 -126228 -511410 869222 222573 1313912 -296201 -330304 -860147 567222 -76930 -184802 -419085 -716088 -136453 397758 815373 -747073 -466296 -146515 -817868 254456 438010 215487 -130177 -246650 -313626 129705 3719 661048 -488792 843030 -801677 867499 -184148 483901 -281989 163438 -543243 256500 -109044 -409537 -331811 -93057 -154929 -151070 -4163 441281 -148896 -277327 -131707 -588374 248161 293225 24921 -184766 144125 278179 64142 111726 -80474 -651162)
(-37028 -256798 755070 942303 -531139 -181750 303296 497745 109432 864446 -207951 199009 -383212 -267356 223532 -380788 60980 -281529 156106 -329692 154794 -416117 -394787 -361384 85575 -573501 331871 415944 -815602 43238 393621 -686389 -703184 43587 -78671 -764240 305698 606804 -439924 -46682 104331 8460 -509850 -417461 384159 -558629 251260 -279618 111734 -273784 481319 23072 -562250 -387738 302064 -534148 -279999 -172154 167142 -561437 -59182 -22248 66404 -365159 67596 117136 -534547 78033 729921 336752 128732 201319 22 645079)
(-680723 695147 -683908 632638 -634590 -871117 156244 466698 -98847 552654 847835 -562720 1401717 142171 304189 539366 -534739 166898 -706785 -22744 -320906 849108 604434 -136436 -252395 217774 -89170 -50176 554812 697823 620762 -582623 -284240 -87021 34183 -1081519 61713 -138239 549325 -6085 464654 -216370 -183834 -525515 -14173 204125 69308 244512 -355369 321683 345071 161358 38970 426054 300528 78278 -227108 -183344 -225911 -333868 297626 -14655 -65867 423048 -154039 -715160 -350149 -725090 143789 -340355 -575652 242026 238204 234571)
