(1 1 1 1 1 1 1 1 1 1 0 0 0 0 0 0 0 0 0 0)
(3 -3 4 1 -7 -3 -6 4 7 3 0 -1 1 -2 -5 4 -2 0 -4 9)
(6 -4 -7 -3 -3 3 -4 -1 7 3 2 0 4 -9 0 1 -1 2 5 -4)
(-1 7 3 6 -4 -7 -3 -3 3 -4 2 5 -4 2 0 4 -9 0 1 -1)
(-3 -3 3 -4 -1 7 3 6 -4 -7 -9 0 1 -1 2 5 -4 2 0 4)
(-4 -1 7 3 6 -4 -7 -3 -3 3 -1 2 5 -4 2 0 4 -9 0 1)
(3 6 -4 -7 -3 -3 3 -4 -1 7 -4 2 0 4 -9 0 1 -1 2 5)
(-7 -3 -3 3 -4 -1 7 3 6 -4 4 -9 0 1 -1 2 5 -4 2 0)
(2 -3 -1 -7 2 2 10 -6 -1 0 5 -2 1 1 7 -3 -1 -5 -8 5)
(6 1 0 -2 3 1 7 -2 -2 -10 5 8 -5 -5 2 -1 -1 -7 3 1)
(1 -6 5 7 -4 4 3 2 -4 -5 -9 2 -10 3 2 -5 2 8 5 2)
(8 -12 0 -5 2 -1 7 -1 -5 5 -1 10 5 -7 2 -5 -6 -1 4 -1)
(-4 -7 -3 -3 3 -4 -1 7 3 6 0 4 -9 0 1 -1 2 5 -4 2)
(-3 4 1 -7 -3 -6 4 7 3 3 -1 1 -2 -5 4 -2 0 -4 9 0)
(-6 5 7 -4 4 3 2 -4 -5 1 2 -10 3 2 -5 2 8 5 2 -9)
(1 -1 -3 4 -1 -10 4 4 1 5 -5 2 0 -2 11 -4 0 10 -6 -6)
(7 -2 -2 -10 6 1 0 -2 3 1 -1 -7 3 1 5 8 -5 -5 2 -1)
(5 -2 1 -7 1 5 -5 -8 12 0 7 -2 5 6 1 -4 1 1 -10 -5)
(9 -5 -2 -7 -8 5 8 -1 -7 8 -2 9 -2 -4 3 0 2 -6 -1 1)
(3 -3 -8 -2 -2 -1 2 -2 10 1 26 24 34 33 20 29 13 21 27 29)
