(1 1 1 1 1 1 1 1 1 1 1 0 0 0 0 0 0 0 0 0 0 0)
(4 1 -9 -1 3 5 0 2 5 -10 -1 4 -9 0 0 -11 2 3 4 1 2 4)
(-3 0 4 -9 1 2 11 0 0 -4 2 -11 10 0 0 5 -1 6 -5 3 -4 -3)
(-3 3 3 2 -2 5 2 0 -8 -3 3 -6 12 4 -8 3 -9 0 6 7 -10 1)
(-4 6 -1 5 8 4 -4 0 -7 0 -2 6 2 3 1 -9 -5 1 9 -11 -4 7)
(2 -1 -2 4 -6 0 0 7 7 -8 -6 -9 15 0 -6 -1 -1 3 2 4 -3 -4)
(-10 2 1 9 4 -2 -1 1 1 6 -12 -7 7 0 -3 6 -3 1 8 -1 -10 2)
(-2 -2 -4 -3 6 9 7 1 3 -5 -14 -4 -1 7 -5 -3 7 5 2 -10 3 -1)
(-8 -3 5 -11 12 1 9 9 -9 4 -4 -5 -4 4 2 3 1 -1 -1 1 -1 1)
(-7 3 4 -8 8 -2 4 -13 6 -3 7 -2 -2 -3 8 1 -4 7 2 1 0 -8)
(-3 4 -4 9 3 2 3 -3 -10 3 -4 8 -14 4 4 -2 4 5 1 -4 -5 -1)
(0 4 -2 3 0 -4 9 -1 -2 -11 0 -3 4 3 11 -10 0 0 -5 1 -6 5)
(7 0 2 4 -6 1 -5 -8 -4 4 0 11 4 -7 -6 -2 -3 -1 9 5 -1 -9)
(-1 1 3 0 -5 -8 -1 9 -3 3 6 2 -10 2 14 -4 1 1 2 -10 2 0)
(5 -14 -5 -10 4 1 0 5 11 -4 2 -3 -1 1 -7 -5 1 9 -7 5 7 0)
(0 -2 -9 -3 5 4 -5 4 -1 3 1 8 -5 -5 5 -2 -1 -4 0 -4 16 -8)
(9 1 -3 -5 0 -2 -5 10 1 -4 -1 0 0 11 -2 -3 -4 -1 -2 -4 -4 9)
(7 -6 -2 -4 -1 13 -8 4 1 3 -7 4 -1 2 2 -8 -6 2 8 -6 0 3)
(12 3 4 1 -2 -5 1 2 -16 2 0 0 3 -1 -4 4 3 -1 4 -6 -2 0)
(0 -2 -5 10 1 -4 -1 9 1 -3 -5 -3 -4 -1 -2 -4 -4 9 0 0 11 -2)
(-1 -3 0 5 8 1 -9 3 -3 -6 1 10 -2 -14 4 -1 -1 -2 10 -2 0 -2)
(0 -7 7 -5 -3 -7 9 3 3 2 -6 -22 -27 -22 -24 -27 -18 -26 -28 -19 -24 -19)
