(1 0 0 0 0 0 0 0 0 0 0 0 112 81 53 14 61 51 33 110 110 24 17 102)
(0 1 0 0 0 0 0 0 0 0 0 0 102 112 81 53 14 61 51 33 110 110 24 17)
(0 0 1 0 0 0 0 0 0 0 0 0 17 102 112 81 53 14 61 51 33 110 110 24)
(0 0 0 1 0 0 0 0 0 0 0 0 24 17 102 112 81 53 14 61 51 33 110 110)
(0 0 0 0 1 0 0 0 0 0 0 0 110 24 17 102 112 81 53 14 61 51 33 110)
(0 0 0 0 0 1 0 0 0 0 0 0 110 110 24 17 102 112 81 53 14 61 51 33)
(0 0 0 0 0 0 1 0 0 0 0 0 33 110 110 24 17 102 112 81 53 14 61 51)
(0 0 0 0 0 0 0 1 0 0 0 0 51 33 110 110 24 17 102 112 81 53 14 61)
(0 0 0 0 0 0 0 0 1 0 0 0 61 51 33 110 110 24 17 102 112 81 53 14)
(0 0 0 0 0 0 0 0 0 1 0 0 14 61 51 33 110 110 24 17 102 112 81 53)
(0 0 0 0 0 0 0 0 0 0 1 0 53 14 61 51 33 110 110 24 17 102 112 81)
(0 0 0 0 0 0 0 0 0 0 0 1 81 53 14 61 51 33 110 110 24 17 102 112)
(0 0 0 0 0 0 0 0 0 0 0 0 128 0 0 0 0 0 0 0 0 0 0 0)
(0 0 0 0 0 0 0 0 0 0 0 0 0 128 0 0 0 0 0 0 0 0 0 0)
(0 0 0 0 0 0 0 0 0 0 0 0 0 0 128 0 0 0 0 0 0 0 0 0)
(0 0 0 0 0 0 0 0 0 0 0 0 0 0 0 128 0 0 0 0 0 0 0 0)
(0 0 0 0 0 0 0 0 0 0 0 0 0 0 0 0 128 0 0 0 0 0 0 0)
(0 0 0 0 0 0 0 0 0 0 0 0 0 0 0 0 0 128 0 0 0 0 0 0)
(0 0 0 0 0 0 0 0 0 0 0 0 0 0 0 0 0 0 128 0 0 0 0 0)
(0 0 0 0 0 0 0 0 0 0 0 0 0 0 0 0 0 0 0 128 0 0 0 0)
(0 0 0 0 0 0 0 0 0 0 0 0 0 0 0 0 0 0 0 0 128 0 0 0)
(0 0 0 0 0 0 0 0 0 0 0 0 0 0 0 0 0 0 0 0 0 128 0 0)
(0 0 0 0 0 0 0 0 0 0 0 0 0 0 0 0 0 0 0 0 0 0 128 0)
(0 0 0 0 0 0 0 0 0 0 0 0 0 0 0 0 0 0 0 0 0 0 0 128)
