(1 0 0 0 0 0 0 0 0 0 0 0 99 27 37 117 196 57 164 129 163 172 144 231)
(0 1 0 0 0 0 0 0 0 0 0 0 231 99 27 37 117 196 57 164 129 163 172 144)
(0 0 1 0 0 0 0 0 0 0 0 0 144 231 99 27 37 117 196 57 164 129 163 172)
(0 0 0 1 0 0 0 0 0 0 0 0 172 144 231 99 27 37 117 196 57 164 129 163)
(0 0 0 0 1 0 0 0 0 0 0 0 163 172 144 231 99 27 37 117 196 57 164 129)
(0 0 0 0 0 1 0 0 0 0 0 0 129 163 172 144 231 99 27 37 117 196 57 164)
(0 0 0 0 0 0 1 0 0 0 0 0 164 129 163 172 144 231 99 27 37 117 196 57)
(0 0 0 0 0 0 0 1 0 0 0 0 57 164 129 163 172 144 231 99 27 37 117 196)
(0 0 0 0 0 0 0 0 1 0 0 0 196 57 164 129 163 172 144 231 99 27 37 117)
(0 0 0 0 0 0 0 0 0 1 0 0 117 196 57 164 129 163 172 144 231 99 27 37)
(0 0 0 0 0 0 0 0 0 0 1 0 37 117 196 57 164 129 163 172 144 231 99 27)
(0 0 0 0 0 0 0 0 0 0 0 1 27 37 117 196 57 164 129 163 172 144 231 99)
(0 0 0 0 0 0 0 0 0 0 0 0 256 0 0 0 0 0 0 0 0 0 0 0)
(0 0 0 0 0 0 0 0 0 0 0 0 0 256 0 0 0 0 0 0 0 0 0 0)
(0 0 0 0 0 0 0 0 0 0 0 0 0 0 256 0 0 0 0 0 0 0 0 0)
(0 0 0 0 0 0 0 0 0 0 0 0 0 0 0 256 0 0 0 0 0 0 0 0)
(0 0 0 0 0 0 0 0 0 0 0 0 0 0 0 0 256 0 0 0 0 0 0 0)
(0 0 0 0 0 0 0 0 0 0 0 0 0 0 0 0 0 256 0 0 0 0 0 0)
(0 0 0 0 0 0 0 0 0 0 0 0 0 0 0 0 0 0 256 0 0 0 0 0)
(0 0 0 0 0 0 0 0 0 0 0 0 0 0 0 0 0 0 0 256 0 0 0 0)
(0 0 0 0 0 0 0 0 0 0 0 0 0 0 0 0 0 0 0 0 256 0 0 0)
(0 0 0 0 0 0 0 0 0 0 0 0 0 0 0 0 0 0 0 0 0 256 0 0)
(0 0 0 0 0 0 0 0 0 0 0 0 0 0 0 0 0 0 0 0 0 0 256 0)
(0 0 0 0 0 0 0 0 0 0 0 0 0 0 0 0 0 0 0 0 0 0 0 256)
