(1 0 0 0 0 0 0 0 0 0 0 0 0 0 0 0 170 27 37 117 196 57 164 129 163 172 144 231 46 115 124 156)
(0 1 0 0 0 0 0 0 0 0 0 0 0 0 0 0 156 170 27 37 117 196 57 164 129 163 172 144 231 46 115 124)
(0 0 1 0 0 0 0 0 0 0 0 0 0 0 0 0 124 156 170 27 37 117 196 57 164 129 163 172 144 231 46 115)
(0 0 0 1 0 0 0 0 0 0 0 0 0 0 0 0 115 124 156 170 27 37 117 196 57 164 129 163 172 144 231 46)
(0 0 0 0 1 0 0 0 0 0 0 0 0 0 0 0 46 115 124 156 170 27 37 117 196 57 164 129 163 172 144 231)
(0 0 0 0 0 1 0 0 0 0 0 0 0 0 0 0 231 46 115 124 156 170 27 37 117 196 57 164 129 163 172 144)
(0 0 0 0 0 0 1 0 0 0 0 0 0 0 0 0 144 231 46 115 124 156 170 27 37 117 196 57 164 129 163 172)
(0 0 0 0 0 0 0 1 0 0 0 0 0 0 0 0 172 144 231 46 115 124 156 170 27 37 117 196 57 164 129 163)
(0 0 0 0 0 0 0 0 1 0 0 0 0 0 0 0 163 172 144 231 46 115 124 156 170 27 37 117 196 57 164 129)
(0 0 0 0 0 0 0 0 0 1 0 0 0 0 0 0 129 163 172 144 231 46 115 124 156 170 27 37 117 196 57 164)
(0 0 0 0 0 0 0 0 0 0 1 0 0 0 0 0 164 129 163 172 144 231 46 115 124 156 170 27 37 117 196 57)
(0 0 0 0 0 0 0 0 0 0 0 1 0 0 0 0 57 164 129 163 172 144 231 46 115 124 156 170 27 37 117 196)
(0 0 0 0 0 0 0 0 0 0 0 0 1 0 0 0 196 57 164 129 163 172 144 231 46 115 124 156 170 27 37 117)
(0 0 0 0 0 0 0 0 0 0 0 0 0 1 0 0 117 196 57 164 129 163 172 144 231 46 115 124 156 170 27 37)
(0 0 0 0 0 0 0 0 0 0 0 0 0 0 1 0 37 117 196 57 164 129 163 172 144 231 46 115 124 156 170 27)
(0 0 0 0 0 0 0 0 0 0 0 0 0 0 0 1 27 37 117 196 57 164 129 163 172 144 231 46 115 124 156 170)
(0 0 0 0 0 0 0 0 0 0 0 0 0 0 0 0 256 0 0 0 0 0 0 0 0 0 0 0 0 0 0 0)
(0 0 0 0 0 0 0 0 0 0 0 0 0 0 0 0 0 256 0 0 0 0 0 0 0 0 0 0 0 0 0 0)
(0 0 0 0 0 0 0 0 0 0 0 0 0 0 0 0 0 0 256 0 0 0 0 0 0 0 0 0 0 0 0 0)
(0 0 0 0 0 0 0 0 0 0 0 0 0 0 0 0 0 0 0 256 0 0 0 0 0 0 0 0 0 0 0 0)
(0 0 0 0 0 0 0 0 0 0 0 0 0 0 0 0 0 0 0 0 256 0 0 0 0 0 0 0 0 0 0 0)
(0 0 0 0 0 0 0 0 0 0 0 0 0 0 0 0 0 0 0 0 0 256 0 0 0 0 0 0 0 0 0 0)
(0 0 0 0 0 0 0 0 0 0 0 0 0 0 0 0 0 0 0 0 0 0 256 0 0 0 0 0 0 0 0 0)
(0 0 0 0 0 0 0 0 0 0 0 0 0 0 0 0 0 0 0 0 0 0 0 256 0 0 0 0 0 0 0 0)
(0 0 0 0 0 0 0 0 0 0 0 0 0 0 0 0 0 0 0 0 0 0 0 0 256 0 0 0 0 0 0 0)
(0 0 0 0 0 0 0 0 0 0 0 0 0 0 0 0 0 0 0 0 0 0 0 0 0 256 0 0 0 0 0 0)
(0 0 0 0 0 0 0 0 0 0 0 0 0 0 0 0 0 0 0 0 0 0 0 0 0 0 256 0 0 0 0 0)
(0 0 0 0 0 0 0 0 0 0 0 0 0 0 0 0 0 0 0 0 0 0 0 0 0 0 0 256 0 0 0 0)
(0 0 0 0 0 0 0 0 0 0 0 0 0 0 0 0 0 0 0 0 0 0 0 0 0 0 0 0 256 0 0 0)
(0 0 0 0 0 0 0 0 0 0 0 0 0 0 0 0 0 0 0 0 0 0 0 0 0 0 0 0 0 256 0 0)
(0 0 0 0 0 0 0 0 0 0 0 0 0 0 0 0 0 0 0 0 0 0 0 0 0 0 0 0 0 0 256 0)
(0 0 0 0 0 0 0 0 0 0 0 0 0 0 0 0 0 0 0 0 0 0 0 0 0 0 0 0 0 0 0 256)
