(1 0 0 0 0 0 0 0 0 0 0 0 0 0 0 0 0 43 0 29 70 96 92 81 65 25 15 126 9 9 54 65 48 69)
(0 1 0 0 0 0 0 0 0 0 0 0 0 0 0 0 0 69 43 0 29 70 96 92 81 65 25 15 126 9 9 54 65 48)
(0 0 1 0 0 0 0 0 0 0 0 0 0 0 0 0 0 48 69 43 0 29 70 96 92 81 65 25 15 126 9 9 54 65)
(0 0 0 1 0 0 0 0 0 0 0 0 0 0 0 0 0 65 48 69 43 0 29 70 96 92 81 65 25 15 126 9 9 54)
(0 0 0 0 1 0 0 0 0 0 0 0 0 0 0 0 0 54 65 48 69 43 0 29 70 96 92 81 65 25 15 126 9 9)
(0 0 0 0 0 1 0 0 0 0 0 0 0 0 0 0 0 9 54 65 48 69 43 0 29 70 96 92 81 65 25 15 126 9)
(0 0 0 0 0 0 1 0 0 0 0 0 0 0 0 0 0 9 9 54 65 48 69 43 0 29 70 96 92 81 65 25 15 126)
(0 0 0 0 0 0 0 1 0 0 0 0 0 0 0 0 0 126 9 9 54 65 48 69 43 0 29 70 96 92 81 65 25 15)
(0 0 0 0 0 0 0 0 1 0 0 0 0 0 0 0 0 15 126 9 9 54 65 48 69 43 0 29 70 96 92 81 65 25)
(0 0 0 0 0 0 0 0 0 1 0 0 0 0 0 0 0 25 15 126 9 9 54 65 48 69 43 0 29 70 96 92 81 65)
(0 0 0 0 0 0 0 0 0 0 1 0 0 0 0 0 0 65 25 15 126 9 9 54 65 48 69 43 0 29 70 96 92 81)
(0 0 0 0 0 0 0 0 0 0 0 1 0 0 0 0 0 81 65 25 15 126 9 9 54 65 48 69 43 0 29 70 96 92)
(0 0 0 0 0 0 0 0 0 0 0 0 1 0 0 0 0 92 81 65 25 15 126 9 9 54 65 48 69 43 0 29 70 96)
(0 0 0 0 0 0 0 0 0 0 0 0 0 1 0 0 0 96 92 81 65 25 15 126 9 9 54 65 48 69 43 0 29 70)
(0 0 0 0 0 0 0 0 0 0 0 0 0 0 1 0 0 70 96 92 81 65 25 15 126 9 9 54 65 48 69 43 0 29)
(0 0 0 0 0 0 0 0 0 0 0 0 0 0 0 1 0 29 70 96 92 81 65 25 15 126 9 9 54 65 48 69 43 0)
(0 0 0 0 0 0 0 0 0 0 0 0 0 0 0 0 1 0 29 70 96 92 81 65 25 15 126 9 9 54 65 48 69 43)
(0 0 0 0 0 0 0 0 0 0 0 0 0 0 0 0 0 128 0 0 0 0 0 0 0 0 0 0 0 0 0 0 0 0)
(0 0 0 0 0 0 0 0 0 0 0 0 0 0 0 0 0 0 128 0 0 0 0 0 0 0 0 0 0 0 0 0 0 0)
(0 0 0 0 0 0 0 0 0 0 0 0 0 0 0 0 0 0 0 128 0 0 0 0 0 0 0 0 0 0 0 0 0 0)
(0 0 0 0 0 0 0 0 0 0 0 0 0 0 0 0 0 0 0 0 128 0 0 0 0 0 0 0 0 0 0 0 0 0)
(0 0 0 0 0 0 0 0 0 0 0 0 0 0 0 0 0 0 0 0 0 128 0 0 0 0 0 0 0 0 0 0 0 0)
(0 0 0 0 0 0 0 0 0 0 0 0 0 0 0 0 0 0 0 0 0 0 128 0 0 0 0 0 0 0 0 0 0 0)
(0 0 0 0 0 0 0 0 0 0 0 0 0 0 0 0 0 0 0 0 0 0 0 128 0 0 0 0 0 0 0 0 0 0)
(0 0 0 0 0 0 0 0 0 0 0 0 0 0 0 0 0 0 0 0 0 0 0 0 128 0 0 0 0 0 0 0 0 0)
(0 0 0 0 0 0 0 0 0 0 0 0 0 0 0 0 0 0 0 0 0 0 0 0 0 128 0 0 0 0 0 0 0 0)
(0 0 0 0 0 0 0 0 0 0 0 0 0 0 0 0 0 0 0 0 0 0 0 0 0 0 128 0 0 0 0 0 0 0)
(0 0 0 0 0 0 0 0 0 0 0 0 0 0 0 0 0 0 0 0 0 0 0 0 0 0 0 128 0 0 0 0 0 0)
(0 0 0 0 0 0 0 0 0 0 0 0 0 0 0 0 0 0 0 0 0 0 0 0 0 0 0 0 128 0 0 0 0 0)
(0 0 0 0 0 0 0 0 0 0 0 0 0 0 0 0 0 0 0 0 0 0 0 0 0 0 0 0 0 128 0 0 0 0)
(0 0 0 0 0 0 0 0 0 0 0 0 0 0 0 0 0 0 0 0 0 0 0 0 0 0 0 0 0 0 128 0 0 0)
(0 0 0 0 0 0 0 0 0 0 0 0 0 0 0 0 0 0 0 0 0 0 0 0 0 0 0 0 0 0 0 128 0 0)
(0 0 0 0 0 0 0 0 0 0 0 0 0 0 0 0 0 0 0 0 0 0 0 0 0 0 0 0 0 0 0 0 128 0)
(0 0 0 0 0 0 0 0 0 0 0 0 0 0 0 0 0 0 0 0 0 0 0 0 0 0 0 0 0 0 0 0 0 128)
