(-11 6 -1 2 14 2 6 -3 -9 -6 15 10 -14 1 -8 -3 -11 14 13 -1 5 14 -1 7 -4 -4 -7 -10 -5 -23 -6 -2 -6 -9 9 1 20 -4 -15 4 11 0 -14 13 9 1 -7 5 -12 -2 9 -8 7 -32 -16 4 -3 -19 -11 11 10 -17 18 13 2 14 -1 1 16 -33 -26 -21 -6 9 6 11 -16 6 17 -14 13 3 6 9 10 1 31 4 -16 -9 3 4 2 17)
(19 -6 -2 9 -6 -2 -5 -1 17 -3 10 11 -2 -4 -2 8 9 -14 -13 -3 -9 -10 2 -16 5 7 21 -2 8 11 19 4 -17 4 15 -12 -2 4 -19 10 -20 -8 -6 -13 -4 5 0 -13 -1 -6 0 -18 -18 35 8 -22 15 13 -2 -1 -25 3 -12 -7 2 -12 10 -7 -24 22 -11 2 6 24 -8 16 14 3 -11 3 -1 10 -6 -13 21 15 -15 15 21 17 2 -37 1 -8)
(5 -6 -10 7 3 4 14 5 -10 5 11 13 1 1 14 3 -2 -8 15 2 0 -5 -7 -6 5 -7 -15 -17 -13 -13 2 -8 -14 18 9 -6 18 -9 -8 21 1 -19 -15 6 18 -9 -6 19 -11 -5 -1 4 -12 -8 7 -6 20 -14 -20 -15 14 -24 3 18 -16 1 -1 8 1 -21 -34 -37 1 12 14 1 15 -15 2 0 4 -15 8 6 6 42 11 -3 13 16 -9 -1 1 21)
(-20 4 7 -8 -1 5 8 0 16 13 -7 -4 2 -7 -12 -7 -6 -3 -6 -3 5 -2 18 1 6 4 3 12 1 8 -8 15 19 -7 8 1 -11 1 -10 -10 -6 9 3 -3 -9 -6 -5 -13 -8 12 1 -12 20 -17 2 4 5 -3 -8 -2 3 -7 14 -11 -5 8 -32 7 -7 -29 -13 -11 -3 -20 7 -9 -18 1 13 -16 19 4 -12 -40 0 -27 -7 -22 -12 -12 -18 -6 22 2)
(6 -19 -7 9 5 -2 1 17 -7 -30 18 -11 -9 0 4 -4 -8 29 5 21 6 31 -6 12 -9 3 0 -16 -12 -23 -1 -1 -12 4 -11 -2 2 -8 -7 -12 8 13 -9 15 3 3 -8 -12 21 -15 -12 -21 -35 4 -20 -13 -18 -8 -1 16 9 18 17 5 12 -4 4 1 19 -6 -7 4 -17 14 -14 11 -2 7 14 -19 -13 1 21 16 4 -13 25 4 -9 -10 26 -10 -1 7)
(21 22 -2 4 18 8 -3 -14 -9 -6 13 17 1 -6 -17 -2 1 10 1 -26 -4 0 -9 0 -13 13 2 2 15 -10 -5 -4 -23 -20 14 2 5 13 -7 -8 6 -2 -4 -1 -7 3 9 -14 -11 -9 -5 -7 10 -27 -21 10 2 4 19 24 -9 -18 -9 1 -6 13 10 -13 18 -3 17 4 12 19 9 19 -34 3 7 1 -14 -10 -9 -4 -7 24 4 24 -8 -8 0 3 -25 14)
(-2 23 -15 -12 10 1 -17 13 -5 -2 -5 11 6 3 5 -2 4 3 21 -7 9 -10 1 -18 2 -19 -6 -5 0 -16 -14 -12 -3 -4 17 -2 20 8 17 -4 1 -2 12 -6 4 -9 6 3 8 15 -2 13 7 -26 9 15 22 -10 9 -6 -8 -23 -9 2 -12 -15 7 13 31 5 11 10 10 1 31 2 -24 -5 -22 1 -13 -9 -8 9 -17 22 2 -3 -8 -11 -16 13 -17 -7)
(9 -2 -8 11 -4 12 9 13 6 -5 7 5 -4 -6 -3 -17 -4 11 3 9 6 2 12 -5 1 -1 5 3 9 -5 -12 -3 3 -5 10 -9 -3 6 -11 -39 -9 2 6 -10 3 -6 -6 -39 14 14 -8 -41 7 -6 -25 8 14 -28 9 5 4 -16 10 -13 5 -23 -19 -8 19 -25 -19 -19 11 14 -7 17 -17 14 1 -12 2 -6 -7 -35 5 -17 24 -6 -19 -3 0 -32 1 -4)
(1 8 -10 2 9 -4 15 5 0 7 -5 17 8 7 -1 2 -1 -18 -3 -15 -4 -5 -8 -9 4 13 7 -4 -6 7 14 1 -12 -8 18 -15 6 -9 -5 19 -5 -24 -6 1 -4 -4 12 0 -5 -7 18 22 -18 -3 24 -31 9 16 -13 -14 -8 -19 15 -10 -8 11 8 -5 -13 51 -15 -16 12 -1 10 -5 -1 -12 3 1 4 -5 -16 3 -18 42 -25 12 24 13 -14 -4 -13 1)
(-15 8 21 2 -8 -14 -13 -15 11 17 -17 -10 11 -10 -16 7 -4 -14 -1 0 -5 -31 7 11 7 -5 -1 20 31 19 -2 2 25 2 -4 9 -15 14 6 -13 -9 24 5 3 -2 2 -13 9 5 5 -5 6 52 4 -19 4 -12 -6 9 2 -16 18 -28 -15 -1 -1 -1 1 -11 -8 4 16 9 -9 -15 -4 -3 12 5 18 10 6 2 -14 10 -16 -11 -9 -3 7 11 -16 0 -2)
(-28 39 8 -18 21 -17 4 7 10 8 -36 -11 -1 -8 -8 -9 -15 -4 14 0 17 -2 5 -4 4 -2 -5 6 -1 -2 -7 11 24 -15 14 3 -14 2 -9 8 -6 9 6 20 -6 11 -5 -11 9 21 11 12 22 -44 1 -9 2 1 7 -10 -18 -2 22 -18 -4 14 1 7 22 6 -1 1 -23 -15 20 -10 -25 6 27 -13 30 16 -18 9 -2 -5 -28 -6 -12 -13 3 18 9 -10)
(2 30 1 6 14 -10 -2 8 5 9 -21 10 -9 -9 11 -27 4 -16 7 -15 1 8 4 -20 -6 -10 7 20 -1 10 -14 1 1 -15 5 -4 15 4 2 -3 -8 -9 12 -10 -1 5 19 -9 3 18 30 -2 5 -8 -4 10 17 -5 13 -13 -11 -20 15 -21 17 -13 19 -15 12 24 18 10 1 23 -13 5 -16 1 -2 -4 -5 11 -23 14 -1 -14 -13 8 -13 -17 0 19 -27 -24)
(10 4 -6 36 22 -9 1 23 -2 -17 2 20 -7 -12 2 -12 -13 -1 18 4 -9 7 -8 -6 1 -21 3 -10 8 -15 -4 -11 -11 9 1 -13 22 -5 -9 -16 -6 1 -8 11 9 6 6 -1 9 7 9 -7 -5 -6 -41 -9 2 -24 0 12 8 -3 -1 -7 9 -15 25 -9 35 4 -32 9 14 14 2 7 -30 -3 -9 -8 -11 -4 20 22 -2 4 31 6 -7 2 5 -11 -13 2)
(9 -22 24 8 -14 2 -5 -15 -1 -7 20 3 -1 9 -6 -3 6 -4 5 -2 -18 0 -11 16 -17 -10 0 5 19 -5 -3 -1 -6 3 -15 14 22 21 -5 -1 0 15 -19 1 4 -4 -4 17 10 -14 -9 -2 24 3 -27 6 -11 -18 14 10 8 8 -26 6 8 2 14 -7 -32 -18 13 -2 21 27 -36 14 -12 -13 3 24 -8 3 6 6 7 -2 15 1 -9 15 21 -10 -50 0)
(-2 19 -12 -1 25 -12 -2 19 -21 1 0 2 -3 -2 17 -3 -2 -8 8 -17 -3 12 -5 2 2 -14 -6 -4 -14 -8 -4 -3 -9 4 -23 -2 16 -13 11 14 17 -12 -8 5 2 15 21 14 -23 1 10 31 -35 -3 -1 12 1 -2 -4 -12 1 3 9 -3 -18 3 30 -11 18 16 -4 9 -15 7 19 -9 20 -14 -10 -1 -6 -13 -6 11 -25 15 -24 -6 6 -8 -28 35 -4 14)
(15 -3 -13 17 -10 4 -5 -23 6 12 -15 16 -2 6 -8 -2 7 7 -5 4 -7 -20 13 -13 15 -18 12 7 5 4 -7 -5 6 -1 0 -3 0 6 1 -17 -2 -12 14 -3 -4 -1 17 -5 -14 5 -1 -8 20 4 -11 18 0 13 0 0 17 -12 -10 22 14 -6 -10 -2 14 -28 7 26 6 -16 3 -5 -20 6 -16 7 -2 -8 21 -2 2 -19 2 3 -18 -4 -3 13 -1 -2)
(-8 -8 -17 -8 -7 -12 -18 -10 -1 10 3 0 -1 14 -7 1 21 -6 -7 -3 4 -3 14 7 -3 -6 10 13 -1 26 2 0 1 -12 -3 -2 8 7 29 -13 -5 -3 9 -12 -9 -8 16 3 -15 0 20 7 4 27 0 5 -7 42 -10 -5 -6 -4 -7 -21 13 3 8 -8 -7 15 24 -1 10 2 -23 13 21 10 -12 4 -12 7 -15 -9 -1 -29 -13 1 -2 -1 -10 -7 -14 0)
(11 19 17 4 -4 4 4 -16 -7 9 -5 -1 5 -5 4 2 -2 -3 -1 -3 5 -16 -13 -14 -5 12 -9 12 4 4 -8 -17 -10 -1 9 6 2 0 3 9 -9 -5 4 -4 10 -2 1 -1 -15 8 7 -5 16 2 -8 19 2 23 13 -10 -12 -33 -24 -4 -2 -8 5 -20 7 -21 5 -17 -2 18 -6 11 17 19 5 -1 -19 -11 -13 -4 10 -13 11 9 10 1 0 -3 7 27)
(-14 -11 19 6 -5 -4 11 5 -21 -9 4 -8 16 12 10 -2 -23 -3 4 1 -12 -2 -15 6 10 0 2 4 0 -5 -4 -9 -8 14 -30 0 22 -14 7 17 7 3 -14 28 2 -4 11 6 17 -7 -3 32 1 15 -1 -3 -32 -25 3 -15 22 13 -3 1 5 12 18 -1 -11 18 -16 5 13 -5 -2 -19 8 -22 2 13 1 -19 26 21 -45 -2 -8 -18 -2 7 -7 5 -15 17)
(-13 5 -3 -10 -2 0 1 -3 -19 -5 9 4 -20 19 2 -6 1 4 -9 -5 -3 21 -6 12 -6 4 10 7 0 6 -1 -12 2 -21 -11 0 16 -9 15 -10 15 -14 7 -5 -1 15 15 -12 -3 7 11 7 29 -15 -11 23 -8 4 20 16 11 1 22 -4 14 22 7 -13 24 14 11 -17 35 -13 6 4 4 7 -7 19 28 4 -14 29 -15 -11 3 2 -14 21 -4 34 -10 -12)
(0 11 -29 -21 10 0 -7 5 -10 10 -9 4 14 -1 3 1 15 6 0 -9 -4 -7 11 1 -1 3 4 3 -13 1 9 -6 0 -13 7 -4 0 -6 20 -3 10 -14 22 -2 -12 -8 6 -12 2 -1 12 15 -14 2 25 -7 -10 10 -3 -17 -21 9 -1 3 -6 -12 13 4 19 33 3 3 -6 -5 15 6 0 -6 -27 -1 -18 -2 -2 -7 -5 39 -7 1 -1 -4 -6 2 -8 -7)
(2 22 -3 7 12 -12 -4 8 1 6 -14 10 8 -6 18 3 -13 -27 10 -7 -2 -16 -13 -14 15 5 -4 -1 6 9 0 -1 -10 18 8 -12 -4 1 -2 16 -6 -21 -3 3 4 4 3 11 7 1 5 19 12 8 3 -10 20 -1 10 -8 -2 -15 -3 -9 -5 -1 12 11 1 30 4 18 -2 17 -5 -13 26 12 0 17 -6 7 1 27 -2 27 -12 16 12 12 5 -3 25 -23)
(-13 -6 16 -18 -9 6 0 4 13 -2 -1 -3 -3 17 -14 -2 -1 0 -9 -9 -4 20 -15 15 -8 23 9 4 2 9 3 12 17 -17 -3 14 -19 -7 4 -8 2 3 5 -10 -7 -4 -1 -12 0 -3 1 14 12 -9 6 -5 -10 16 7 17 19 0 27 -8 -3 30 -28 15 -37 5 33 -4 -10 -20 -2 -14 1 12 15 7 13 19 -18 -2 -16 -20 -32 -12 0 -3 -8 17 7 -17)
(-3 -11 -9 -8 13 -6 -9 21 2 -27 -9 -18 -4 18 2 5 1 -1 -3 11 8 21 -4 11 -10 -4 1 -14 -6 -5 13 10 -1 -2 -14 -9 -4 12 3 5 3 3 -1 -1 -12 15 12 -7 17 13 8 8 -24 -5 12 -13 -2 20 12 2 -13 13 3 -5 -9 -9 29 -19 5 47 -4 2 0 -8 10 4 10 -6 -22 -10 -12 10 -24 -1 -17 -16 7 2 15 6 -19 -3 19 -26)
(-18 28 18 -11 13 -13 0 13 7 9 -5 0 -4 -29 7 -16 -8 -13 -6 -14 -1 14 13 -8 2 10 8 24 -6 6 -12 1 4 -18 3 -3 3 -7 -8 11 -1 12 7 -1 -4 13 1 -16 0 13 -8 -8 -3 -2 1 17 7 1 7 -10 -23 8 17 -18 3 -3 -7 16 11 -4 -4 11 -9 2 14 6 -9 -1 16 -8 4 4 -8 -6 8 6 -15 -15 -9 -15 -1 12 3 15)
(18 -22 22 -2 -5 15 -6 -7 18 -6 1 9 -1 -1 5 -5 12 -19 -10 -12 -17 8 -14 -9 -18 10 0 6 -16 12 10 -1 -10 11 -2 21 6 4 6 33 -13 -3 13 -17 -1 -6 1 13 -2 -7 11 8 4 12 19 6 -10 21 11 -14 -3 4 -29 22 -4 -7 3 -2 -53 -3 23 -4 -6 6 -6 -5 3 -16 -7 15 -36 1 -7 3 11 1 -2 -2 31 0 -4 8 -11 4)
(-23 26 3 -22 15 -14 -13 5 -6 -3 -14 -10 14 -8 14 17 4 -9 8 1 4 -1 -9 -5 -6 2 -3 0 3 -2 0 -4 -9 -3 6 -3 8 0 5 15 1 4 -4 8 -12 16 2 13 16 3 3 18 25 -6 11 -11 6 17 9 3 -24 0 -13 -13 5 6 27 2 23 40 24 19 4 14 3 -13 5 -4 -15 3 -3 26 -12 31 1 17 -26 8 12 6 16 9 -2 -27)
(2 -14 -14 -19 -5 9 7 15 8 -9 -12 -6 1 10 18 -13 5 5 -11 12 1 -8 5 -6 5 -1 2 3 -24 7 8 3 15 18 0 -1 -10 0 11 -5 -5 -15 18 2 -20 -3 7 -24 15 10 -2 18 3 5 5 -5 -9 27 18 -12 6 19 4 -15 0 5 -16 11 10 9 23 -5 12 -44 1 -26 -7 -16 -15 -2 10 -1 3 -5 -5 -14 2 -8 -4 22 1 7 16 -27)
(-12 -13 -8 -1 -18 -5 -8 18 4 -20 -2 4 -1 35 -10 4 -10 17 11 34 3 11 -8 6 6 -22 11 -26 7 -22 4 -7 15 -14 -4 -1 1 8 10 -21 2 5 -11 14 4 -3 2 0 20 9 6 21 -32 5 -1 -8 -15 6 4 -3 0 6 -1 -15 11 -28 7 6 -5 40 -8 29 -11 -13 -17 8 -3 31 -7 13 -4 3 1 24 -19 -21 19 0 -18 10 12 -29 -19 -14)
(3 -4 -7 2 11 -3 10 -10 5 10 5 -7 2 -20 -13 -5 1 -4 -11 -8 -5 9 14 6 -4 29 6 7 -10 18 12 22 -6 2 8 0 -22 -1 -25 5 -1 -11 -2 15 -20 3 -1 -9 -1 -9 7 -15 -2 -22 8 -18 0 15 -5 2 -13 20 18 6 -14 20 -2 -10 4 7 -16 -13 -18 -9 0 5 2 -4 23 -10 23 1 -17 -17 18 20 -15 5 -2 17 1 -6 24 1)
(7 -1 -18 -3 0 1 -7 -27 -11 13 -17 -12 18 5 -17 1 12 10 4 -5 10 -7 2 18 -14 -8 -16 3 23 15 1 9 9 -10 -14 20 -25 23 26 -15 -4 17 10 2 -1 -8 -4 0 -4 4 -12 -1 22 -5 -12 11 -2 2 11 11 2 18 -25 -10 -6 9 5 8 18 -4 25 3 12 -12 3 10 -22 -13 8 18 0 -14 4 -5 -17 5 4 -4 -19 -6 -10 4 -16 2)
(14 -6 9 2 -11 12 17 9 -10 -4 7 1 9 -20 19 5 0 -4 -21 0 -25 19 -12 2 -7 14 9 -7 -9 7 7 -4 -15 10 -19 1 -12 -17 11 8 6 1 -5 -1 -6 2 14 8 -16 -18 -13 11 -38 31 11 5 -7 14 1 4 4 26 -5 -2 5 3 5 -3 -9 5 -3 0 -3 -2 -2 -6 19 -16 -14 -2 -19 -11 19 -2 0 8 -20 -2 8 -4 -4 9 6 19)
(-3 -5 0 19 4 -13 -11 -2 0 9 15 14 7 -7 7 8 -4 -11 10 -18 -13 -10 -8 4 15 1 -11 -2 9 1 3 9 -3 22 -10 4 3 -7 -11 10 8 1 -21 1 5 -2 -13 21 -16 -13 -10 9 -2 21 -10 -10 4 -24 -23 13 6 7 5 -5 -16 9 -4 27 -20 -15 -2 15 -1 7 -21 -11 17 -9 8 2 2 -7 21 6 2 12 -11 -9 7 9 -1 0 0 10)
(-12 18 -3 -15 2 -1 -14 -16 3 31 -15 -18 7 -9 -4 -13 18 -8 -2 -9 19 -21 19 4 -1 -14 -21 24 14 38 -11 9 18 -8 -3 19 -24 19 31 -16 -12 13 14 -7 2 -12 -8 3 -4 19 17 5 30 8 1 26 8 1 11 -11 -8 6 -21 -36 -4 -10 -8 11 4 0 34 8 -6 -11 1 -1 15 5 3 8 13 2 -20 -16 4 -13 -9 -14 -20 -18 -8 2 1 -8)
(-11 -2 8 -7 -11 5 -17 -7 -5 -23 16 -12 -13 12 -9 29 -5 15 -12 12 -5 14 -4 -8 3 -8 22 -13 14 -18 10 -4 -7 -5 0 -2 24 -9 -12 15 -4 21 -11 -6 6 17 1 7 1 -4 -12 -16 -21 10 13 -7 -3 -1 -2 18 -14 7 -4 15 1 6 -5 -4 3 3 -20 17 14 5 29 5 -15 1 -14 -13 14 12 4 2 -11 -23 7 -2 10 -1 -8 -7 11 -8)
(15 -9 6 16 -19 6 -1 -8 1 -5 5 -6 -3 3 7 10 4 14 -8 3 -2 6 -10 -9 -5 -2 -2 -3 -2 -16 -7 -1 -5 8 -12 6 9 -6 -2 -1 4 15 -11 -10 6 1 11 -1 -14 -18 -11 -12 -29 14 14 9 9 6 -18 5 -3 -22 10 8 -1 -2 -19 -10 -10 -14 6 -9 -1 21 -25 -1 4 -8 5 -20 -15 -25 0 -17 -7 -29 -18 -13 13 -1 -1 2 -17 9)
(-11 -9 -18 6 8 -19 -7 7 2 -4 12 -3 -13 6 -11 -3 1 6 2 15 9 5 21 21 -6 -11 5 2 -11 -5 -4 6 -7 -10 8 -23 24 7 5 -11 8 5 0 3 5 -14 -2 -2 18 -21 7 -22 -2 0 -3 -32 -15 5 -18 2 0 -6 24 -3 28 -1 -8 10 9 13 -27 -23 9 13 -19 27 -5 5 14 -18 -6 10 15 1 12 8 25 1 -13 -7 24 -25 -10 6)
(-4 -31 22 9 -16 -3 0 12 1 -6 -17 -14 9 -6 16 -6 1 -6 4 21 -21 1 -10 22 -2 -10 -13 5 5 -4 -3 -19 24 18 -32 9 0 4 13 -11 2 28 10 6 4 4 -5 22 32 4 0 17 0 18 -8 5 -21 -19 13 -16 10 26 -20 17 -6 -28 5 9 -31 -5 5 15 -6 -3 -18 -12 18 -4 -16 7 -24 1 18 1 10 -8 3 -22 15 -2 19 0 -13 -8)
(38 -20 -3 29 0 14 2 27 0 -24 25 12 -6 -6 6 -15 5 -1 -10 -8 -8 25 -21 -17 -11 2 12 -17 -3 8 9 3 -33 16 -11 5 -4 -10 5 0 -15 -2 -1 -14 16 -9 12 -16 5 -13 -1 -8 -31 36 -4 -1 14 -23 13 11 11 23 -4 -14 9 -15 17 -7 -11 32 6 1 13 18 -4 -1 8 -13 -3 0 -7 -14 7 19 -17 12 -2 1 5 -5 -8 -17 -16 -6)
(-22 5 -10 -6 4 -14 5 -21 8 20 -11 15 -6 10 -11 12 -7 -10 10 -3 14 -10 6 7 0 -9 -12 2 6 2 0 9 18 -10 19 0 -3 10 -5 10 0 -3 -11 8 8 -2 -11 20 -16 -16 -5 10 11 -28 -3 -12 18 16 -33 0 8 -22 31 0 -3 22 -24 13 -4 -18 -12 -14 1 6 -12 -2 -16 -8 39 7 20 -3 -3 1 12 19 -8 4 1 2 5 5 -11 2)
(5 8 -4 0 -1 1 3 -3 -7 0 -8 -19 -5 7 9 -4 1 10 -13 3 -2 0 3 -1 14 -5 3 4 -11 -2 -2 0 -1 -3 -15 -7 8 -18 7 1 13 -6 -3 10 -3 10 15 -7 7 -19 -2 1 -13 0 18 6 -13 -3 6 -9 1 0 16 8 -1 4 -3 -22 22 27 -1 -2 -7 -8 14 -4 10 -13 -3 0 7 -15 4 8 -25 1 -25 -5 0 14 0 31 -9 4)
(-9 -10 2 22 -7 -8 19 10 4 8 12 26 -9 0 16 1 -10 -11 -6 5 -15 4 4 -9 13 -4 23 3 -15 -5 -4 -10 -11 5 -2 -19 33 -22 -15 3 -2 -22 -13 -10 2 1 8 15 -18 -4 9 6 -3 16 -2 -5 -6 8 -17 -15 15 -21 9 15 18 -3 -1 -8 -16 -14 -36 2 6 6 -11 -13 13 7 -11 10 1 7 13 -4 9 -12 13 -1 8 -5 0 -5 12 13)
(9 -2 14 6 -4 -6 1 1 17 4 -18 -14 -2 -12 -4 8 -1 -1 -14 2 12 -12 -6 -11 -5 10 1 13 -6 13 8 -7 10 10 14 13 -19 -16 3 0 -21 8 23 -8 8 8 -10 -4 -6 6 8 -11 14 4 -1 4 5 21 4 -3 -13 6 -10 5 -8 -3 -3 -18 5 -8 -15 -20 1 -11 8 -11 8 6 5 -2 3 -2 -14 -10 23 -22 -2 -10 25 10 -8 0 44 0)
(-6 14 5 -10 -13 3 -8 -10 7 3 17 4 6 5 -12 10 1 6 -14 -8 1 -12 -6 -16 7 10 11 -1 11 4 -2 6 -7 -9 10 4 2 7 2 4 -9 11 -5 -14 -9 0 2 -10 12 -17 -16 8 15 -6 18 -10 8 3 17 11 -29 13 -7 -19 2 1 0 4 3 21 18 22 19 3 -9 -2 -13 7 15 2 12 -1 -12 0 -24 1 -23 -1 -7 -4 4 -4 -21 -4)
(-20 -19 -7 -3 -7 -2 -6 13 -16 1 -9 -15 7 -2 27 3 1 4 25 19 0 17 2 8 0 -11 -22 -5 -1 -2 -3 -10 11 14 -13 8 6 -10 7 -2 5 1 10 8 18 -11 -24 22 39 10 -12 -11 10 3 3 -3 -6 -48 -8 -12 19 8 5 11 0 -27 -5 10 9 2 -8 -9 0 2 -6 -7 6 -28 -16 6 -5 4 9 25 -3 10 26 -25 -1 6 15 4 -9 -15)
(-4 6 -11 -9 -3 13 -11 -8 -12 -6 11 4 -8 -3 14 15 5 1 4 -1 -7 8 7 -13 16 -8 -3 -22 -3 11 -2 3 -12 10 -8 -3 1 -3 4 11 9 -10 -10 3 -7 7 9 22 6 3 2 12 -10 11 31 17 6 -11 -7 10 3 5 -6 8 6 1 13 2 7 29 22 35 -11 -5 15 -5 11 -4 -31 12 5 10 7 32 -7 -3 -5 16 -2 -2 0 15 17 -26)
(-3 -5 0 -5 5 13 -13 0 0 -25 9 -5 3 4 0 -1 -10 21 5 -3 10 0 -6 7 0 4 -10 -6 14 -17 -10 -9 -10 4 -2 0 7 21 9 -6 2 23 8 -4 -5 -8 -11 -14 26 0 -17 -7 35 -8 -6 13 -13 -32 30 17 -3 1 -28 1 -3 -6 6 5 9 -11 25 23 18 10 6 0 -14 -1 -14 3 -26 4 10 3 -19 -11 28 4 -8 -27 6 -7 -5 -3)
(-1 -11 4 2 -15 -8 -8 20 3 -8 -11 -17 -10 11 18 -13 2 5 -1 16 12 9 6 -3 12 -1 4 5 -7 -3 -7 -8 13 -4 -15 -5 3 -4 4 -9 2 0 15 -12 9 1 0 -12 31 10 11 -15 -33 23 23 3 0 -24 16 -19 -2 5 20 1 5 -32 4 -15 -13 33 10 10 -10 4 -1 7 30 10 -12 1 3 6 -12 10 -7 -32 -12 -7 3 -7 4 7 -5 -20)
(-16 10 -2 -8 17 -10 -21 -18 -15 2 23 2 2 -10 -4 13 1 10 2 -14 -5 4 -1 14 -12 2 -2 15 8 -12 1 -1 -11 -7 -3 12 24 0 2 -6 11 10 -15 7 -19 12 -3 16 -17 -12 1 5 2 -2 -22 6 -23 14 -4 18 -19 9 -14 -1 0 10 12 -3 14 -7 11 21 -11 15 -22 7 -4 5 4 -3 -6 4 0 -1 10 -5 1 0 -9 -6 9 -6 -19 22)
(-20 -8 -7 -6 -1 -7 2 5 2 8 -7 -17 -3 1 15 5 -8 -9 6 21 3 14 6 6 14 -25 -8 -9 -8 -5 -5 8 11 19 -20 -4 0 -3 1 9 -3 2 -24 20 -1 12 9 19 -13 8 -21 16 -16 13 0 11 7 15 -24 -12 25 0 3 4 -7 19 -19 26 4 -24 -1 9 -30 -12 9 -21 23 -19 5 3 19 3 17 7 -5 -11 -22 -29 -5 9 -12 6 18 5)
(-15 0 11 8 6 -6 10 1 -15 2 -4 16 3 18 -5 7 -10 -11 16 2 -19 1 -17 17 -6 -12 -8 -10 0 -20 2 -6 14 -3 -16 -2 31 -5 0 13 17 -10 -13 0 16 2 2 30 -17 2 23 39 21 -21 -10 -12 -30 -10 -7 -10 12 -14 -3 17 -1 8 12 -6 -21 -10 -20 -14 -4 1 -14 0 -4 1 1 11 -8 8 10 11 -11 -1 31 -2 4 4 1 9 -15 9)
(10 -17 -4 12 11 -12 -15 9 1 -9 7 4 3 -14 -4 -3 17 -7 21 6 -23 0 -2 -2 0 -19 7 -14 -16 2 6 8 -16 23 -3 -1 24 -4 -2 13 -7 4 -8 16 -6 -9 10 13 4 -2 3 0 -12 14 1 -17 -5 16 -22 4 15 6 -6 16 9 5 20 15 7 -20 -5 -5 -15 12 3 3 -2 -24 -23 -29 -28 13 28 14 6 3 6 -13 -13 3 3 2 3 -6)
(2 4 -2 -18 -4 10 -10 -4 1 5 1 4 -2 -2 -10 -14 4 2 12 -5 -16 -6 -1 13 2 -6 -7 0 8 -4 -13 2 15 3 4 13 -6 23 7 -8 6 12 4 10 -7 -9 2 -7 11 -5 -1 6 15 -18 -17 12 -6 -9 16 5 5 9 -5 -2 2 15 -5 21 0 -33 42 15 -11 7 -18 6 -28 9 9 1 -8 12 13 8 3 0 -4 -3 -37 -11 23 6 -27 -16)
(14 -2 -34 -19 0 10 -2 17 -16 -13 8 4 -6 17 22 -6 9 22 15 10 0 9 0 9 6 -25 -1 -23 -16 -23 -9 -12 6 13 -13 1 5 -8 21 -24 12 -10 4 3 -6 -3 2 -2 3 -8 -14 1 -30 -5 -19 12 5 -4 16 6 19 14 -6 8 -8 -11 3 8 27 -23 18 8 -5 0 15 -1 -5 3 -22 10 -11 -5 17 11 -6 2 -9 -3 -13 -2 -7 30 -10 -7)
(-5 4 -18 5 6 -11 -3 5 -4 8 -9 2 -1 10 0 -3 3 -10 11 -1 9 -8 5 -3 2 -26 -5 3 0 -4 -1 -10 4 -1 0 -7 25 10 19 0 -16 0 8 -6 1 7 15 20 -1 5 7 20 -2 -2 -10 -6 3 0 2 -19 -9 -2 -19 -13 3 -3 28 -11 16 26 1 6 13 -1 -7 4 -10 -5 -1 12 -2 1 -9 7 -20 3 2 7 7 3 -15 -6 -27 4)
(-13 -1 32 6 -6 -4 -2 4 5 11 1 -6 -10 -10 -7 7 -4 -21 2 -1 -6 -4 7 12 -6 -21 -16 3 1 4 -15 6 15 10 -16 9 6 16 1 7 12 10 -9 -3 16 0 11 48 -20 8 -10 21 26 -21 -3 20 11 -15 -14 0 16 1 -6 10 -12 15 -3 -1 -19 -26 -14 -8 12 -22 0 -20 12 -10 -2 7 14 -3 -11 -5 5 -8 9 -15 1 11 -15 15 14 7)
(-11 -6 2 6 -2 -8 -9 9 -1 -12 1 12 -3 8 -2 -14 2 12 8 3 -4 13 -1 -5 -10 -17 6 8 -3 -21 -12 -15 0 -15 1 6 35 1 7 -5 5 16 11 11 11 -9 4 7 20 -10 8 2 9 -26 -10 7 -2 -6 14 -6 -5 -8 8 11 5 -19 13 2 13 8 -11 -1 8 5 4 13 -26 3 2 5 -5 -16 2 19 -2 12 4 -14 -5 -9 -3 7 -46 19)
(-9 0 6 -3 1 -1 -17 0 0 -14 26 8 -17 -5 9 3 6 1 3 -7 -2 5 10 3 -5 -18 1 -3 -8 -5 0 3 -8 8 -7 1 31 -4 7 5 11 12 -17 -8 2 -1 -6 21 -24 -9 17 -1 -6 17 2 16 -8 -9 -16 9 -19 0 -5 2 12 5 13 -6 -14 -13 -14 -10 -2 29 -25 21 16 7 -18 -1 -11 10 6 -1 25 -26 21 3 -2 -5 2 -9 -6 6)
(-12 -3 -15 2 -20 2 -6 -9 16 14 -9 8 -15 18 -19 5 -7 -1 -24 1 -1 -2 18 8 22 6 25 11 8 16 4 -3 18 -27 1 -13 -3 -2 10 -18 1 -14 26 -25 -7 6 13 -14 -8 -9 16 -5 9 16 27 5 -6 7 -2 -4 -9 -6 13 3 11 -4 -23 -18 -21 35 -3 21 10 -14 -7 1 12 43 -3 20 12 7 -11 -16 -15 -32 -12 5 5 -3 -14 -18 17 -18)
(-27 -3 -13 -9 2 -12 -20 5 19 -8 6 -1 -19 13 -5 19 -3 -7 8 17 11 -6 15 -1 16 -31 0 -22 0 -5 5 11 5 9 14 1 12 12 0 14 -9 14 -15 2 2 10 -19 13 1 -5 -2 -3 17 -20 2 -6 23 -5 -17 -6 -28 1 -2 -3 -19 -9 -3 22 10 -17 -34 0 4 -1 17 6 10 13 2 3 27 2 -4 -7 21 1 -10 -8 9 13 -8 -11 17 -6)
(-9 10 4 0 13 -1 5 -11 1 3 -10 0 -3 -11 -4 6 -9 -2 -2 6 0 9 -3 11 -3 18 -6 -5 -5 3 17 7 0 -11 0 4 -17 -21 -7 21 14 -8 -2 7 8 11 -29 -2 -1 -17 20 -15 31 -6 15 -21 -18 -22 -13 12 -14 12 11 15 16 8 -3 -1 0 17 -20 -19 -4 -2 -6 -8 13 21 21 9 20 9 11 29 24 19 11 19 19 12 37 3 14 0)
(6 18 -14 0 10 -5 -12 -7 -9 20 -13 -7 4 -5 8 12 13 -9 -3 -14 2 -7 4 -11 7 -19 -10 -6 1 10 6 7 0 11 3 -1 8 -11 10 17 1 -10 -4 -20 15 -4 3 38 -37 0 11 17 -22 15 20 -2 19 1 -20 -9 7 -8 -13 -2 -10 4 -3 -1 -1 10 9 12 -7 -4 16 -16 2 -19 -9 -10 2 12 1 5 -13 7 -1 -3 7 -13 -15 26 3 -6)
(17 0 8 -1 7 15 4 -10 -22 -7 26 12 0 -7 -6 6 0 12 3 -15 -6 5 -11 4 -5 8 -5 -9 -8 -18 -5 -7 -11 0 -10 16 4 -13 -1 1 25 -11 -6 4 5 4 -4 5 -20 -10 -11 -10 0 -14 -10 21 -16 -29 6 19 14 10 -17 26 -9 6 -2 -4 5 -29 2 -1 0 -7 18 -10 -7 -2 4 16 -3 -19 8 11 -11 22 -4 3 -2 0 0 28 -15 38)
(-12 2 4 -9 -12 4 -3 3 11 19 -10 4 5 -4 5 -3 9 -17 -14 -6 3 -5 7 -2 -9 -8 -3 14 9 7 -10 4 21 -2 -2 1 5 12 17 -4 -1 8 18 -34 -1 -9 -4 25 -2 3 -6 11 11 -7 15 9 24 4 10 -2 0 3 -13 -12 -4 -15 -23 17 -14 8 28 22 25 -31 4 -14 -26 -14 -8 19 5 -1 -8 -11 -4 -7 0 -11 4 -13 -12 26 -7 -8)
(-21 3 21 22 9 -20 -8 -14 19 14 16 -1 0 -19 -11 -2 -9 -13 -2 -18 -13 10 11 6 7 13 17 16 12 12 0 30 -11 1 -5 -5 3 -5 -37 18 2 7 -20 16 -10 -4 -12 16 -17 -12 -4 -19 35 -9 -14 -7 -2 1 -18 20 2 7 6 6 -3 24 -3 13 -13 -43 -24 27 -6 -1 -9 7 -14 -2 15 -6 10 16 15 -2 16 -10 2 -10 -18 -4 -3 1 17 17)
(-26 12 -13 -2 10 -16 -10 -14 2 9 -6 1 -2 -3 -9 15 3 -4 2 1 -6 -15 13 6 20 -4 12 -3 5 -6 14 10 3 -3 10 -6 8 -3 -23 16 3 3 -15 21 -8 13 -7 0 -23 9 8 -17 19 -5 5 -8 -1 9 -14 2 -19 4 0 8 -11 15 4 7 5 -28 -40 -8 -4 0 12 9 5 9 -5 -16 29 22 3 -8 25 13 -18 -11 -9 20 0 -15 12 6)
(-8 0 -8 -16 11 1 -10 0 3 5 -11 -13 27 -7 -19 3 3 5 3 -12 2 -1 8 13 -5 13 -6 10 3 6 -4 14 16 -5 4 9 -19 -7 8 -20 1 23 15 6 -6 -16 -5 -6 2 -9 4 -2 9 -7 3 -2 -12 4 -6 -1 -11 5 -10 -15 -16 4 -24 6 0 6 9 10 -21 -7 -7 -8 -18 7 16 -13 -30 0 -9 -35 -17 2 -4 -21 -2 -14 -3 -21 11 -3)
(-10 -9 -13 -13 -16 8 -7 7 -14 -7 -9 -19 13 17 8 2 5 11 7 31 18 -5 8 -3 -3 -11 -8 -6 -16 -10 -15 -10 3 13 -13 -5 5 3 22 -2 6 4 17 4 6 -10 13 3 9 3 7 2 -4 10 15 17 0 11 0 -19 13 -6 -8 2 16 -15 1 -8 13 -3 10 -6 -24 10 -8 5 29 18 -11 -13 -15 2 7 8 -5 -30 0 -7 -12 -8 -4 -15 14 -4)
(-15 7 23 -20 1 -4 -6 8 27 -2 -8 -11 2 4 8 2 1 -11 -14 6 3 -8 -3 -6 -1 6 3 11 -1 -7 -1 1 11 -6 13 -7 3 14 -7 16 -6 9 -1 -11 -17 7 -7 0 31 -7 1 10 18 -22 25 -20 4 20 19 -10 -33 -6 -12 -6 -10 -8 -11 10 -22 20 17 24 21 5 -3 -14 -11 -2 -2 1 -19 15 -23 -1 0 2 -17 -1 22 3 14 12 -5 -29)
(-2 4 -14 -1 25 -2 -13 -20 -3 -4 20 12 -11 6 -19 13 8 -3 6 -21 -11 6 12 16 6 -12 -1 -19 2 3 13 10 -22 -6 2 -1 20 6 -9 27 0 -3 -15 6 2 1 2 21 -23 -15 17 -6 11 -4 -3 -14 -14 -9 -11 8 -7 3 -20 15 -11 17 19 -2 -13 -11 -20 0 3 11 16 20 -11 -14 0 -2 -4 10 8 -1 -1 19 17 7 6 -3 -17 -6 1 13)
(-9 18 0 -9 14 2 8 -1 -6 17 -9 0 7 2 -15 6 -3 10 4 -5 7 -14 13 1 1 -17 -4 -2 -3 -29 -7 -3 13 -13 1 -5 4 5 -9 5 14 0 -2 1 -5 1 10 13 -34 14 -3 11 -7 -31 -7 6 -1 5 -10 -11 1 -11 -13 7 -20 -1 -3 -3 18 -32 -15 7 -3 -35 37 -9 -36 -14 -4 -19 9 -17 -2 -32 -12 6 4 -5 -5 -14 -33 11 5 32)
(12 -12 -5 3 -8 23 23 20 -17 -8 2 9 19 12 1 -2 -4 -5 -5 2 -8 4 -20 -3 -4 5 -3 -9 -6 12 -10 -2 -4 6 -8 -3 -6 -5 22 -12 -4 -12 1 -12 7 -18 21 -5 7 3 -14 13 -24 11 -10 -7 -7 2 7 -8 28 -6 -1 -23 -12 -10 -9 -10 3 16 9 0 18 -20 4 -23 -10 -13 -9 -2 -24 -22 -9 -11 -50 -11 -3 -3 5 -7 -27 4 -6 10)
(20 -14 10 6 -14 20 8 -2 10 -5 14 -6 -15 -16 -5 -9 8 4 -14 -3 -9 14 -1 13 -14 12 -4 -7 2 18 6 5 11 10 -9 20 -27 1 14 -29 -7 13 8 -12 -14 -1 -7 3 3 -8 -7 -14 -8 1 -6 16 0 -15 10 20 4 39 -7 -3 1 3 -6 -8 -11 -4 19 -7 5 -7 -22 4 -2 2 6 9 1 -3 -7 -5 6 -16 5 1 -3 9 11 3 -6 -6)
(-14 11 2 -12 -4 3 -8 -21 -4 -19 13 6 -21 13 -14 22 -7 13 0 14 7 14 -3 -9 2 11 18 -22 -3 -6 14 0 -14 -13 16 2 15 -11 -10 23 -9 -5 -6 -1 0 8 -5 4 -6 -14 5 -16 14 -1 13 -19 -15 8 -5 12 -18 4 6 10 34 18 1 -8 3 5 5 1 0 18 -12 13 0 31 19 -7 19 32 4 38 10 -18 15 34 0 1 31 -7 5 -11)
(-8 -14 -10 3 11 5 7 24 15 -2 17 -3 -2 -11 13 -23 -6 2 10 -8 2 19 15 -5 -1 -3 -9 4 -29 -13 -14 21 6 25 2 3 15 -7 -11 0 10 -2 -3 1 -7 -17 -4 6 19 -6 -9 -10 -5 -36 7 -8 7 -31 -18 -3 18 2 30 7 -13 4 -26 20 7 -22 -11 -8 3 -19 -2 -29 -39 -36 11 -15 -10 -12 0 -16 -14 -2 25 -23 -8 -5 -11 23 11 -9)
(-9 8 18 -3 -6 1 0 -8 -4 16 1 -5 -7 2 1 -2 -10 -15 -11 -9 -21 -8 -1 12 18 -5 0 10 12 11 -5 -3 11 4 -10 1 -1 -3 6 12 11 3 -11 9 -2 1 1 32 -1 -3 -3 30 26 3 2 27 -16 -5 14 -2 9 14 -14 8 5 12 -6 11 -13 4 10 29 10 -24 4 -13 2 -1 -3 24 6 4 14 25 -13 1 18 -1 -14 5 9 25 13 -8)
(1 30 -5 -36 -2 6 -5 -1 2 5 -1 -2 -13 10 0 18 9 7 -23 -5 -2 1 9 -2 -2 7 23 -1 -5 4 7 -7 4 -27 8 4 -19 -3 6 -2 5 -12 18 -16 -8 15 4 -29 -3 -5 -5 3 -23 4 12 -1 -8 25 17 -7 -27 12 8 -6 6 -8 2 -10 -4 21 15 10 -13 8 17 9 5 21 -11 7 1 10 -22 -16 7 6 -34 9 5 -12 4 6 7 -13)
(-18 17 16 -28 -5 10 -16 13 9 -2 12 -5 4 6 -7 11 -3 3 -5 -22 0 -6 -11 -9 5 6 15 6 13 -2 -2 3 9 -3 -11 10 -8 -6 11 -1 -7 19 8 -13 -17 6 5 -9 -6 2 -18 27 12 7 14 11 4 -1 17 15 -3 20 -7 -15 -9 15 0 7 -12 7 38 33 -4 -7 11 -22 8 0 -13 9 14 16 -7 -10 -28 -16 -27 -18 -4 -25 -31 6 26 -27)
(9 -4 -8 -24 -13 13 5 12 4 4 -7 -27 20 5 18 -2 6 7 -9 3 7 -6 6 1 5 10 -5 5 -5 0 -1 1 15 12 -6 8 -18 -5 5 -8 -6 7 17 -19 -3 1 -19 -19 17 7 -15 -22 -10 8 16 12 11 -29 24 -22 -19 17 -22 3 -32 -29 -7 -13 -14 -10 3 -7 -8 5 3 -9 17 5 -8 12 -10 -10 -20 -42 -3 -11 -4 -23 15 3 -18 -9 23 -12)
(13 -3 -16 6 2 0 0 -23 -21 -7 30 16 -4 4 -7 8 -3 17 -3 -28 -17 11 4 8 2 18 12 -2 2 -9 1 0 -31 -10 -10 -7 18 3 -18 9 21 -9 -7 6 -4 -1 22 -9 -16 -18 -2 -9 -20 3 10 16 -4 -9 -2 4 -5 -5 13 30 -13 9 20 -9 0 -4 -12 9 8 36 -7 27 1 -4 1 -4 -12 -22 4 -6 -15 24 13 5 -12 -8 -8 -4 -7 13)
(5 -6 -18 3 4 -2 -4 -10 -12 4 13 -2 -5 10 13 -11 7 8 5 1 5 5 8 9 3 -10 -17 3 -18 -13 -1 5 -12 1 -17 0 19 6 -9 12 27 -16 -9 0 -1 6 1 10 -6 -8 3 -4 -30 -11 12 3 -2 -20 -10 -12 1 -7 23 28 -12 -5 7 9 1 -12 -12 -4 -25 5 -8 12 29 3 2 -6 3 -11 5 -1 1 19 2 6 -6 -3 -1 26 -15 21)
(-3 7 23 -9 -7 -8 1 -10 2 -12 -8 -11 -1 10 4 12 -18 10 -3 20 0 9 -21 11 -8 16 -4 -9 -2 -25 -4 -3 2 -5 -2 4 -7 4 -5 15 14 17 -13 15 0 8 -10 7 23 -9 -15 12 14 -33 11 0 -11 15 24 12 -9 8 4 26 9 9 4 8 1 -6 3 4 -5 3 -11 6 -2 8 23 2 -6 3 10 33 16 1 8 3 -7 3 41 22 0 -6)
(-16 -7 0 -26 0 11 5 9 -4 -8 2 -25 2 0 2 -2 3 5 -5 6 9 13 13 5 3 4 -2 1 -10 0 -7 3 12 -6 -10 -7 -12 5 3 -5 7 10 6 -4 -18 6 5 -16 22 18 -8 -16 -17 2 20 12 -5 -7 2 -8 -1 7 3 -5 -16 -24 -9 -5 5 3 5 -1 -4 -15 24 -5 6 -17 -17 -27 -11 -3 -19 -32 -20 -24 -8 -19 6 -16 -23 -2 16 -7)
(-1 -2 9 -4 1 -13 5 -21 -28 10 -2 -13 16 7 0 -1 -1 -2 14 -7 5 -5 -15 8 -11 20 -22 6 -8 -3 2 -11 -6 -3 -3 9 10 -2 3 29 16 -9 -4 21 14 -5 -3 17 -4 10 19 15 28 -2 3 15 -11 4 -2 -14 -1 -12 -11 12 -8 12 22 5 1 0 1 -38 3 3 -15 18 24 -2 17 6 -7 -8 -6 27 11 24 36 8 1 28 6 3 1 17)
(-6 20 8 -7 17 -2 -18 -10 6 -26 11 5 -21 7 -11 7 -13 9 11 2 15 -15 -7 -10 7 -16 -2 -18 2 -13 4 -6 -16 8 17 2 16 12 -3 23 -11 7 -13 17 -1 14 0 11 -17 15 24 6 0 3 -6 7 -11 13 10 9 -17 -6 -26 -12 6 14 18 10 15 -8 4 17 -5 5 18 16 -1 15 -1 -7 9 17 13 37 14 -26 32 24 -8 -3 8 -9 28 1)
(19 26 -7 5 25 4 11 14 4 -3 -19 15 -11 -13 5 -32 -7 5 10 -13 1 17 -1 -13 -11 1 0 14 -11 -3 -14 -5 4 -19 9 1 -1 -4 -7 -21 -6 -15 20 -7 -5 9 7 -15 1 25 20 -6 -8 -7 -32 7 -1 0 27 2 3 -20 5 -16 7 -16 -3 -5 16 14 22 14 -22 4 -1 5 -30 13 5 -3 -16 14 -13 8 6 -10 27 17 -9 -25 1 2 4 -11)
(23 3 12 4 -12 25 31 -25 -16 1 -2 2 -6 9 6 -8 0 9 -13 2 -8 -3 -10 -6 1 4 -7 1 -3 1 -13 -23 -5 -5 -6 -7 7 0 -13 2 1 -22 2 7 3 12 25 -25 8 -2 -2 -6 9 -12 -6 14 -3 -7 19 -8 20 -23 1 14 9 2 0 -32 9 -7 9 -17 14 8 7 0 -5 -12 -2 2 8 -8 -1 8 -11 3 -10 11 -1 11 7 27 -21 1)
(-12 15 -19 -5 10 0 -11 -9 11 6 0 21 7 3 -14 -4 -3 11 -6 -11 7 -3 13 -18 11 1 11 10 -4 4 -5 -7 -6 -24 28 -9 9 -7 5 -6 -4 -9 10 6 -6 -10 12 -22 -8 4 6 4 26 -26 3 11 6 22 -7 10 1 -23 14 0 2 16 -13 18 31 -13 -14 6 16 -26 33 -3 -43 11 1 -4 5 -13 1 -1 -10 1 -3 -5 -14 -4 -26 9 3 18)
(24 -6 13 10 8 4 4 15 -10 -20 19 -1 -10 -7 0 0 -9 13 8 -1 -7 9 -21 3 -3 -2 -12 -21 -10 -30 -3 -11 -18 18 -13 7 1 -3 -8 18 6 10 -10 16 15 7 3 10 6 -21 -16 15 -44 -13 -11 1 -6 -6 12 6 5 3 -7 18 -27 -4 9 3 7 -9 -3 3 -26 3 31 4 2 -7 13 -9 -10 -32 9 13 -9 23 -7 5 21 1 -6 12 2 36)
(4 21 -11 -9 3 -7 5 14 -8 6 17 5 -9 -11 4 6 5 6 20 -5 -4 -3 -4 1 -4 6 -4 -21 -5 -13 11 -3 2 5 21 -1 -1 -16 -5 2 3 -4 -5 2 12 -11 -18 1 -3 4 9 8 -27 -13 14 -23 9 -19 -21 0 -21 4 15 -6 -19 3 7 9 3 -3 -28 -42 -12 21 11 15 18 2 -8 -15 13 10 -12 2 27 51 1 1 1 14 10 -7 -3 -1)
(-12 36 9 -8 2 5 -1 2 -4 3 7 5 -9 -12 -7 -11 -17 1 6 -11 -9 0 7 -15 8 9 15 15 3 5 -19 -12 6 -2 1 5 7 -12 -1 -7 -4 1 15 -4 -3 5 3 -23 -2 24 12 -12 16 -10 -15 21 -3 -21 15 -5 -15 -3 7 -5 -5 -1 -5 8 22 -28 -10 16 -12 5 18 5 1 38 1 5 16 5 -11 -8 -3 -24 -2 -2 -20 -16 -12 9 27 2)
(-3 -14 -8 -6 7 8 1 12 3 -14 -2 -11 15 10 3 11 -3 8 4 1 15 7 -6 5 -6 -4 -13 -6 -10 -6 -5 7 5 12 -5 -1 -10 -8 13 -17 10 8 -5 0 -18 -6 1 2 -10 5 -22 5 -29 -1 0 6 7 28 -23 17 19 -12 -1 -14 -18 -4 -25 6 17 -1 11 15 3 -27 8 -25 -12 -22 -15 -19 -31 -17 -1 -22 -28 -22 3 -14 7 -2 -23 10 15 0)
(9 -6 -5 -11 12 0 -10 21 -3 -26 7 -10 4 3 9 -8 3 3 11 1 -8 37 -10 6 -15 12 13 -12 -7 -17 11 10 -23 -7 -2 -6 12 -2 -4 14 -1 4 5 1 -14 -1 8 -20 17 10 3 -27 -30 16 11 -12 -1 6 14 5 -4 7 -5 -3 9 -9 23 6 5 17 10 1 -7 23 0 24 -2 -3 -17 -21 -38 19 -2 20 -12 0 15 -3 -14 -2 -4 -11 -3 -11)
(26 11 -23 3 -6 8 16 2 -5 14 -29 -1 15 3 32 -15 12 -6 -3 5 -3 5 -6 -13 -8 8 3 6 -11 -2 -3 -1 -14 -1 -16 -4 -8 -4 11 -6 5 -29 13 -9 -3 5 19 -12 -1 -4 -6 -1 -5 0 14 6 18 9 17 -24 3 -16 0 3 0 -18 12 -21 15 20 13 -15 1 18 -11 -5 15 -8 -12 20 -20 -21 -8 1 -11 23 -30 12 14 14 4 24 -22 -5)
