(1 1 1 1 1 1 1 0 0 0 0 0 0 0)
(7 -4 -6 -2 4 -7 6 1 4 2 5 -2 -11 1)
(-7 6 7 -4 -6 -2 4 -11 1 1 4 2 5 -2)
(-2 4 -7 6 7 -4 -6 5 -2 -11 1 1 4 2)
(-5 1 -7 5 -1 -6 12 -1 5 -3 8 -10 -1 2)
(-6 -2 4 -7 6 7 -4 2 5 -2 -11 1 1 4)
(-1 -8 11 1 3 2 -5 0 -6 -1 -10 5 3 9)
(-6 1 -8 -4 12 -4 7 -7 -1 4 4 -5 4 1)
(-1 5 2 -5 -2 7 -5 -5 -8 -11 9 7 4 4)
(1 -8 -4 12 -4 7 -6 -1 4 4 -5 4 1 -7)
(5 -2 7 -5 7 -7 -8 9 9 -6 -2 -5 0 -5)
(4 -12 4 -7 6 -1 8 -4 5 -4 -1 7 1 -4)
(0 1 6 1 -4 -7 2 -7 5 -4 -4 -9 14 5)
(-7 6 1 3 5 -3 -6 -45 -37 -32 -34 -33 -30 -45)
