(1 0 0 0 0 0 0 0 109 81 53 14 61 51 33 110)
(0 1 0 0 0 0 0 0 110 109 81 53 14 61 51 33)
(0 0 1 0 0 0 0 0 33 110 109 81 53 14 61 51)
(0 0 0 1 0 0 0 0 51 33 110 109 81 53 14 61)
(0 0 0 0 1 0 0 0 61 51 33 110 109 81 53 14)
(0 0 0 0 0 1 0 0 14 61 51 33 110 109 81 53)
(0 0 0 0 0 0 1 0 53 14 61 51 33 110 109 81)
(0 0 0 0 0 0 0 1 81 53 14 61 51 33 110 109)
(0 0 0 0 0 0 0 0 128 0 0 0 0 0 0 0)
(0 0 0 0 0 0 0 0 0 128 0 0 0 0 0 0)
(0 0 0 0 0 0 0 0 0 0 128 0 0 0 0 0)
(0 0 0 0 0 0 0 0 0 0 0 128 0 0 0 0)
(0 0 0 0 0 0 0 0 0 0 0 0 128 0 0 0)
(0 0 0 0 0 0 0 0 0 0 0 0 0 128 0 0)
(0 0 0 0 0 0 0 0 0 0 0 0 0 0 128 0)
(0 0 0 0 0 0 0 0 0 0 0 0 0 0 0 128)
