(1 0 0 0 0 0 0 0 15 40 179 110 179 149 21 75)
(0 1 0 0 0 0 0 0 75 15 40 179 110 179 149 21)
(0 0 1 0 0 0 0 0 21 75 15 40 179 110 179 149)
(0 0 0 1 0 0 0 0 149 21 75 15 40 179 110 179)
(0 0 0 0 1 0 0 0 179 149 21 75 15 40 179 110)
(0 0 0 0 0 1 0 0 110 179 149 21 75 15 40 179)
(0 0 0 0 0 0 1 0 179 110 179 149 21 75 15 40)
(0 0 0 0 0 0 0 1 40 179 110 179 149 21 75 15)
(0 0 0 0 0 0 0 0 256 0 0 0 0 0 0 0)
(0 0 0 0 0 0 0 0 0 256 0 0 0 0 0 0)
(0 0 0 0 0 0 0 0 0 0 256 0 0 0 0 0)
(0 0 0 0 0 0 0 0 0 0 0 256 0 0 0 0)
(0 0 0 0 0 0 0 0 0 0 0 0 256 0 0 0)
(0 0 0 0 0 0 0 0 0 0 0 0 0 256 0 0)
(0 0 0 0 0 0 0 0 0 0 0 0 0 0 256 0)
(0 0 0 0 0 0 0 0 0 0 0 0 0 0 0 256)
