(1 1 1 1 1 1 1 1 0 0 0 0 0 0 0 0)
(-1 0 1 0 -1 0 1 0 6 -4 -6 4 6 -4 -6 4)
(0 -1 0 1 0 -1 0 1 4 6 -4 -6 4 6 -4 -6)
(0 -9 -3 -5 0 8 1 4 -8 1 7 -5 2 3 -1 1)
(4 0 -9 -3 -5 0 8 1 1 -8 1 7 -5 2 3 -1)
(-8 2 -3 -1 3 5 -4 8 -3 6 12 -3 -5 0 -8 1)
(3 5 -4 8 -8 2 -3 -1 -5 0 -8 1 -3 6 12 -3)
(-1 2 5 -3 8 -9 2 -2 1 1 -4 -14 5 3 2 6)
(-2 -5 -1 8 2 4 -1 -9 1 -1 8 -1 -7 5 -2 -3)
(0 -2 -3 2 6 -4 8 -9 -1 2 -3 11 -12 5 0 -2)
(6 -4 8 -9 0 -2 -3 2 -12 5 0 -2 -1 2 -3 11)
(6 -3 9 -10 1 -3 -2 4 7 0 -5 -5 -5 -2 7 3)
(5 -3 8 -9 2 -2 -1 2 -4 -14 5 3 2 6 1 1)
(-2 2 3 -5 -5 9 11 -12 -2 -2 -3 0 10 3 -3 -3)
(-12 -2 2 3 -5 -5 9 11 -3 -2 -2 -3 0 10 3 -3)
(-6 -2 -1 -6 6 1 0 5 -27 -39 -26 -38 -35 -28 -30 -33)
