(-1 -1 -1 -1 -1 -1 -1 -1 -1 0 0 0 0 0 0 0 0 0)
(-1 -5 7 -1 2 0 -4 5 -5 -2 3 4 8 -6 -4 2 3 -8)
(4 -5 5 1 5 -7 1 -2 0 -2 -3 8 2 -3 -4 -8 6 4)
(-1 2 0 -4 5 -5 -1 -5 7 8 -6 -4 2 3 -8 -2 3 4)
(-7 1 -2 0 4 -5 5 1 5 -4 -8 6 4 -2 -3 8 2 -3)
(-5 7 -1 2 0 -4 5 -5 -1 3 4 8 -6 -4 2 3 -8 -2)
(-2 0 4 -5 5 1 5 -7 1 6 4 -2 -3 8 2 -3 -4 -8)
(5 -5 -1 -5 7 -1 2 0 -4 3 -8 -2 3 4 8 -6 -4 2)
(0 -4 5 -5 -1 -5 7 -1 2 -4 2 3 -8 -2 3 4 8 -6)
(-1 0 -12 8 -1 0 13 -11 3 0 1 2 1 -2 0 -1 4 -5)
(1 -9 6 6 1 0 -2 -8 2 6 -5 1 9 -3 6 -4 0 -10)
(0 12 -8 1 0 -13 11 -3 1 -1 -2 -1 2 0 1 -4 5 0)
(3 10 -1 2 -13 -4 0 0 2 -8 -2 10 -1 7 -7 1 -5 5)
(-2 -1 1 -2 10 3 8 -13 -8 -1 -1 -3 -4 3 0 -3 -2 11)
(1 -6 6 -8 -1 -6 3 3 4 3 6 1 7 7 -12 -10 -5 3)
(-1 2 -10 -3 -8 13 8 2 1 3 4 -3 0 3 2 -11 1 1)
(-3 -8 13 8 2 1 -1 2 -10 0 3 2 -11 1 1 3 4 -3)
(3 2 1 -1 7 -4 3 -5 -7 29 23 35 34 30 16 32 29 28)
